id	mutation_id	purity	normal_cn	var_counts1	ref_counts1	total_counts1	vaf1	major_cn1_sub1	minor_cn1_sub1	total_cn1_sub1	frac_cn1_sub1	major_cn1_sub2	minor_cn1_sub2	total_cn1_sub2	frac_cn1_sub2	var_counts2	ref_counts2	total_counts2	vaf2	major_cn2_sub1	minor_cn2_sub1	total_cn2_sub1	frac_cn2_sub1	major_cn2_sub2	minor_cn2_sub2	total_cn2_sub2	frac_cn2_sub2
1	chr1:15850663:+_chr1:15899038:-	0.5938	2.0	103.0	74	177.0	0.5819209039548022	2.0	1.0	3.0	1.0	0.0	0.0	0.0	0.0	103.0	88	191.0	0.5392670157068062	2.0	1.0	3.0	1.0	0.0	0.0	0.0	0.0
2	chr1:15904254:+_chr1:15905564:-	0.5938	2.0	86.0	61	147.0	0.5850340136054422	2.0	1.0	3.0	1.0	0.0	0.0	0.0	0.0	86.0	60	146.0	0.589041095890411	2.0	1.0	3.0	1.0	0.0	0.0	0.0	0.0
3	chr1:21061861:+_chr1:21078409:-	0.5938	2.0	30.0	96	126.0	0.23809523809523808	2.0	1.0	3.0	1.0	0.0	0.0	0.0	0.0	30.0	112	142.0	0.2112676056338028	2.0	1.0	3.0	1.0	0.0	0.0	0.0	0.0
4	chr1:27432275:+_chr1:27585874:-	0.5938	2.0	50.0	87	137.0	0.36496350364963503	2.0	1.0	3.0	1.0	0.0	0.0	0.0	0.0	50.0	124	174.0	0.28735632183908044	2.0	1.0	3.0	1.0	0.0	0.0	0.0	0.0
5	chr1:35183852:+_chr1:35184826:-	0.5938	2.0	58.0	94	152.0	0.3815789473684211	2.0	1.0	3.0	1.0	0.0	0.0	0.0	0.0	58.0	70	128.0	0.453125	2.0	1.0	3.0	1.0	0.0	0.0	0.0	0.0
6	chr1:55156351:+_chr1:55158510:-	0.5938	2.0	53.0	64	117.0	0.452991452991453	2.0	1.0	3.0	1.0	0.0	0.0	0.0	0.0	53.0	85	138.0	0.38405797101449274	2.0	1.0	3.0	1.0	0.0	0.0	0.0	0.0
7	chr1:58449697:-_chr1:58660435:+	0.5938	2.0	43.0	125	168.0	0.25595238095238093	2.0	1.0	3.0	1.0	0.0	0.0	0.0	0.0	43.0	83	126.0	0.3412698412698413	2.0	1.0	3.0	1.0	0.0	0.0	0.0	0.0
8	chr1:69556163:+_chr1:102270705:+	0.5938	2.0	19.0	70	89.0	0.21348314606741572	2.0	1.0	3.0	1.0	0.0	0.0	0.0	0.0	19.0	66	85.0	0.2235294117647059	2.0	1.0	3.0	1.0	0.0	0.0	0.0	0.0
9	chr1:77728686:+_chr1:77941196:-	0.5938	2.0	32.0	39	71.0	0.4507042253521127	1.0	1.0	2.0	1.0	0.0	0.0	0.0	0.0	32.0	64	96.0	0.3333333333333333	1.0	1.0	2.0	1.0	0.0	0.0	0.0	0.0
53	chr1:84049325:+_chr5:30926791:-	0.5938	2.0	34.0	113	147.0	0.23129251700680273	1.0	1.0	2.0	1.0	0.0	0.0	0.0	0.0	34.0	83	117.0	0.2905982905982906	2.0	1.0	3.0	1.0	0.0	0.0	0.0	0.0
50	chr1:102259973:-_chr4:147975379:+	0.5938	2.0	36.0	85	121.0	0.2975206611570248	2.0	1.0	3.0	1.0	0.0	0.0	0.0	0.0	36.0	109	145.0	0.2482758620689655	2.0	1.0	3.0	1.0	0.0	0.0	0.0	0.0
11	chr1:107586198:+_chr1:107588586:-	0.5938	2.0	45.0	57	102.0	0.4411764705882353	1.0	1.0	2.0	1.0	0.0	0.0	0.0	0.0	45.0	77	122.0	0.36885245901639346	1.0	1.0	2.0	1.0	0.0	0.0	0.0	0.0
14	chr1:151094135:-_chr1:186235167:+	0.5938	2.0	47.0	91	138.0	0.34057971014492755	2.0	1.0	3.0	1.0	0.0	0.0	0.0	0.0	47.0	220	267.0	0.1760299625468165	2.0	2.0	4.0	1.0	0.0	0.0	0.0	0.0
15	chr1:151748466:-_chr1:152514036:+	0.5938	2.0	26.0	151	177.0	0.14689265536723164	3.0	1.0	4.0	1.0	0.0	0.0	0.0	0.0	26.0	142	168.0	0.15476190476190477	3.0	1.0	4.0	1.0	0.0	0.0	0.0	0.0
16	chr1:151881621:-_chr1:152850410:+	0.5938	2.0	33.0	150	183.0	0.18032786885245902	3.0	2.0	5.0	1.0	0.0	0.0	0.0	0.0	33.0	129	162.0	0.2037037037037037	3.0	1.0	4.0	1.0	0.0	0.0	0.0	0.0
62	chr1:151886352:+_chr17:41729008:+	0.5938	2.0	20.0	159	179.0	0.11173184357541899	3.0	2.0	5.0	1.0	0.0	0.0	0.0	0.0	20.0	103	123.0	0.16260162601626016	4.0	0.0	4.0	1.0	0.0	0.0	0.0	0.0
17	chr1:151946006:-_chr1:152056098:+	0.5938	2.0	124.0	139	263.0	0.4714828897338403	3.0	2.0	5.0	1.0	0.0	0.0	0.0	0.0	124.0	130	254.0	0.4881889763779528	3.0	2.0	5.0	1.0	0.0	0.0	0.0	0.0
68	chr1:152650031:-_chr19:29043854:+	0.5938	2.0	79.0	198	277.0	0.2851985559566787	3.0	2.0	5.0	1.0	0.0	0.0	0.0	0.0	79.0	420	499.0	0.15831663326653306	6.0	2.0	8.0	1.0	0.0	0.0	0.0	0.0
58	chr1:163095572:+_chr13:62019216:-	0.5938	2.0	27.0	113	140.0	0.19285714285714287	3.0	1.0	4.0	1.0	0.0	0.0	0.0	0.0	27.0	36	63.0	0.42857142857142855	2.0	0.0	2.0	1.0	0.0	0.0	0.0	0.0
63	chr1:181338521:-_chr17:67375427:+	0.5938	2.0	103.0	112	215.0	0.4790697674418605	3.0	2.0	5.0	1.0	0.0	0.0	0.0	0.0	103.0	94	197.0	0.5228426395939086	5.0	2.0	7.0	1.0	0.0	0.0	0.0	0.0
64	chr1:182450747:-_chr17:34634791:+	0.5938	2.0	51.0	174	225.0	0.22666666666666666	3.0	2.0	5.0	1.0	0.0	0.0	0.0	0.0	51.0	213	264.0	0.19318181818181818	5.0	0.0	5.0	1.0	0.0	0.0	0.0	0.0
34	chr1:186121827:-_chr1:186233796:-	0.5938	2.0	35.0	255	290.0	0.1206896551724138	6.0	2.0	8.0	1.0	0.0	0.0	0.0	0.0	35.0	254	289.0	0.12110726643598616	2.0	2.0	4.0	1.0	0.0	0.0	0.0	0.0
35	chr1:186230228:+_chr1:186235579:-	0.5938	2.0	37.0	293	330.0	0.11212121212121212	6.0	2.0	8.0	1.0	0.0	0.0	0.0	0.0	37.0	261	298.0	0.12416107382550336	2.0	2.0	4.0	1.0	0.0	0.0	0.0	0.0
66	chr1:186255650:+_chr18:25736425:-	0.5938	2.0	196.0	157	353.0	0.5552407932011332	6.0	2.0	8.0	1.0	0.0	0.0	0.0	0.0	196.0	145	341.0	0.5747800586510264	5.0	2.0	7.0	1.0	0.0	0.0	0.0	0.0
36	chr1:189132744:-_chr1:189224782:-	0.5938	2.0	224.0	119	343.0	0.6530612244897959	2.0	0.0	2.0	1.0	0.0	0.0	0.0	0.0	224.0	106	330.0	0.6787878787878788	7.0	2.0	9.0	1.0	0.0	0.0	0.0	0.0
37	chr1:189148304:+_chr1:189282131:-	0.5938	2.0	141.0	57	198.0	0.7121212121212122	2.0	0.0	2.0	1.0	0.0	0.0	0.0	0.0	141.0	195	336.0	0.41964285714285715	7.0	2.0	9.0	1.0	0.0	0.0	0.0	0.0
67	chr1:189290884:+_chr18:26314565:+	0.5938	2.0	281.0	238	519.0	0.5414258188824663	2.0	0.0	2.0	1.0	0.0	0.0	0.0	0.0	281.0	113	394.0	0.7131979695431472	8.0	2.0	10.0	1.0	0.0	0.0	0.0	0.0
38	chr1:189461742:+_chr1:193128466:-	0.5938	2.0	170.0	82	252.0	0.6746031746031746	7.0	2.0	9.0	1.0	0.0	0.0	0.0	0.0	170.0	107	277.0	0.6137184115523465	6.0	2.0	8.0	1.0	0.0	0.0	0.0	0.0
39	chr1:190084819:-_chr1:190118926:-	0.5938	2.0	199.0	101	300.0	0.6633333333333333	3.0	0.0	3.0	1.0	0.0	0.0	0.0	0.0	199.0	94	293.0	0.6791808873720137	5.0	2.0	7.0	1.0	0.0	0.0	0.0	0.0
61	chr1:196705039:-_chr13:111458682:+	0.5938	2.0	57.0	349	406.0	0.14039408866995073	7.0	2.0	9.0	1.0	0.0	0.0	0.0	0.0	57.0	109	166.0	0.3433734939759036	2.0	1.0	3.0	1.0	0.0	0.0	0.0	0.0
41	chr1:196716233:+_chr1:196719808:+	0.5938	2.0	29.0	234	263.0	0.11026615969581749	7.0	2.0	9.0	1.0	0.0	0.0	0.0	0.0	29.0	223	252.0	0.11507936507936507	7.0	2.0	9.0	1.0	0.0	0.0	0.0	0.0
52	chr1:198277176:-_chr4:107573763:+	0.5938	2.0	88.0	142	230.0	0.3826086956521739	4.0	2.0	6.0	1.0	0.0	0.0	0.0	0.0	88.0	101	189.0	0.4656084656084656	4.0	1.0	5.0	1.0	0.0	0.0	0.0	0.0
43	chr1:208097534:+_chr1:208167579:-	0.5938	2.0	165.0	39	204.0	0.8088235294117647	4.0	0.0	4.0	1.0	0.0	0.0	0.0	0.0	165.0	47	212.0	0.7783018867924528	4.0	0.0	4.0	1.0	0.0	0.0	0.0	0.0
44	chr1:220673559:-_chr1:221027917:+	0.5938	2.0	51.0	128	179.0	0.2849162011173184	5.0	0.0	5.0	1.0	0.0	0.0	0.0	0.0	51.0	148	199.0	0.2562814070351759	4.0	0.0	4.0	1.0	0.0	0.0	0.0	0.0
74	chr1:223890331:-_chr19:30202477:+	0.5938	2.0	80.0	187	267.0	0.299625468164794	4.0	2.0	6.0	1.0	0.0	0.0	0.0	0.0	80.0	313	393.0	0.2035623409669211	6.0	2.0	8.0	1.0	0.0	0.0	0.0	0.0
45	chr1:228187700:-_chr1:230598581:+	0.5938	2.0	38.0	135	173.0	0.21965317919075145	4.0	1.0	5.0	1.0	0.0	0.0	0.0	0.0	38.0	155	193.0	0.19689119170984457	4.0	1.0	5.0	1.0	0.0	0.0	0.0	0.0
47	chr1:235643644:+_chr1:246263865:-	0.5938	2.0	41.0	208	249.0	0.1646586345381526	4.0	1.0	5.0	1.0	0.0	0.0	0.0	0.0	41.0	72	113.0	0.36283185840707965	2.0	1.0	3.0	1.0	0.0	0.0	0.0	0.0
49	chr2:20301952:+_chr2:20331704:-	0.5938	2.0	41.0	128	169.0	0.24260355029585798	2.0	1.0	3.0	1.0	0.0	0.0	0.0	0.0	41.0	84	125.0	0.328	2.0	1.0	3.0	1.0	0.0	0.0	0.0	0.0
107	chr2:35608151:-_chr22:28669579:+	0.5938	2.0	26.0	90	116.0	0.22413793103448276	2.0	1.0	3.0	1.0	0.0	0.0	0.0	0.0	26.0	149	175.0	0.14857142857142858	3.0	2.0	5.0	1.0	0.0	0.0	0.0	0.0
50	chr2:39170552:+_chr2:39289190:-	0.5938	2.0	50.0	87	137.0	0.36496350364963503	2.0	1.0	3.0	1.0	0.0	0.0	0.0	0.0	50.0	103	153.0	0.32679738562091504	2.0	1.0	3.0	1.0	0.0	0.0	0.0	0.0
51	chr2:53537965:+_chr2:53539243:-	0.5938	2.0	60.0	71	131.0	0.4580152671755725	2.0	1.0	3.0	1.0	0.0	0.0	0.0	0.0	60.0	111	171.0	0.3508771929824561	2.0	1.0	3.0	1.0	0.0	0.0	0.0	0.0
52	chr2:53540235:+_chr2:53545557:-	0.5938	2.0	36.0	89	125.0	0.288	2.0	1.0	3.0	1.0	0.0	0.0	0.0	0.0	36.0	102	138.0	0.2608695652173913	2.0	1.0	3.0	1.0	0.0	0.0	0.0	0.0
344	chr2:72378837:+_chr19:39373687:-	0.5938	2.0	63.0	89	152.0	0.4144736842105263	2.0	1.0	3.0	1.0	0.0	0.0	0.0	0.0	63.0	426	489.0	0.12883435582822086	8.0	2.0	10.0	1.0	0.0	0.0	0.0	0.0
53	chr2:72378849:-_chr2:72393722:-	0.5938	2.0	53.0	95	148.0	0.3581081081081081	2.0	1.0	3.0	1.0	0.0	0.0	0.0	0.0	53.0	58	111.0	0.4774774774774775	2.0	1.0	3.0	1.0	0.0	0.0	0.0	0.0
54	chr2:72384748:-_chr2:72390031:-	0.5938	2.0	41.0	70	111.0	0.36936936936936937	2.0	1.0	3.0	1.0	0.0	0.0	0.0	0.0	41.0	127	168.0	0.24404761904761904	2.0	1.0	3.0	1.0	0.0	0.0	0.0	0.0
56	chr2:78774410:+_chr2:152030307:-	0.5938	2.0	42.0	99	141.0	0.2978723404255319	3.0	1.0	4.0	1.0	0.0	0.0	0.0	0.0	42.0	98	140.0	0.3	3.0	2.0	5.0	1.0	0.0	0.0	0.0	0.0
57	chr2:84674638:+_chr2:85000558:-	0.5938	2.0	21.0	71	92.0	0.22826086956521738	2.0	0.0	2.0	1.0	0.0	0.0	0.0	0.0	21.0	101	122.0	0.1721311475409836	2.0	0.0	2.0	1.0	0.0	0.0	0.0	0.0
58	chr2:96184206:-_chr2:191556343:+	0.5938	2.0	78.0	100	178.0	0.43820224719101125	3.0	2.0	5.0	1.0	0.0	0.0	0.0	0.0	78.0	115	193.0	0.40414507772020725	2.0	1.0	3.0	1.0	0.0	0.0	0.0	0.0
59	chr2:100497362:-_chr2:181187679:+	0.5938	2.0	17.0	64	81.0	0.20987654320987653	3.0	2.0	5.0	1.0	0.0	0.0	0.0	0.0	17.0	124	141.0	0.12056737588652482	3.0	2.0	5.0	1.0	0.0	0.0	0.0	0.0
60	chr2:100513880:+_chr2:181184166:-	0.5938	2.0	22.0	112	134.0	0.16417910447761194	3.0	2.0	5.0	1.0	0.0	0.0	0.0	0.0	22.0	201	223.0	0.09865470852017937	3.0	2.0	5.0	1.0	0.0	0.0	0.0	0.0
61	chr2:100669426:-_chr2:103272216:+	0.5938	2.0	26.0	85	111.0	0.23423423423423423	2.0	0.0	2.0	1.0	0.0	0.0	0.0	0.0	26.0	83	109.0	0.23853211009174313	2.0	0.0	2.0	1.0	0.0	0.0	0.0	0.0
62	chr2:100682303:-_chr2:181186795:+	0.5938	2.0	18.0	127	145.0	0.12413793103448276	2.0	0.0	2.0	1.0	0.0	0.0	0.0	0.0	18.0	126	144.0	0.125	3.0	2.0	5.0	1.0	0.0	0.0	0.0	0.0
63	chr2:103271716:+_chr2:103275623:+	0.5938	2.0	28.0	124	152.0	0.18421052631578946	3.0	2.0	5.0	1.0	0.0	0.0	0.0	0.0	28.0	87	115.0	0.24347826086956523	2.0	0.0	2.0	1.0	0.0	0.0	0.0	0.0
64	chr2:148043325:+_chr2:148166767:-	0.5938	2.0	34.0	117	151.0	0.2251655629139073	2.0	1.0	3.0	1.0	0.0	0.0	0.0	0.0	34.0	98	132.0	0.25757575757575757	2.0	1.0	3.0	1.0	0.0	0.0	0.0	0.0
65	chr2:159776059:+_chr2:160374231:-	0.5938	2.0	43.0	80	123.0	0.34959349593495936	2.0	2.0	4.0	1.0	0.0	0.0	0.0	0.0	43.0	182	225.0	0.19111111111111112	3.0	2.0	5.0	1.0	0.0	0.0	0.0	0.0
66	chr2:160341097:+_chr2:160348104:-	0.5938	2.0	87.0	63	150.0	0.58	2.0	1.0	3.0	1.0	0.0	0.0	0.0	0.0	87.0	72	159.0	0.5471698113207547	3.0	2.0	5.0	1.0	0.0	0.0	0.0	0.0
68	chr2:181187548:-_chr2:182164176:+	0.5938	2.0	21.0	124	145.0	0.14482758620689656	3.0	2.0	5.0	1.0	0.0	0.0	0.0	0.0	21.0	150	171.0	0.12280701754385964	5.0	2.0	7.0	1.0	0.0	0.0	0.0	0.0
69	chr2:182165279:+_chr2:182166351:-	0.5938	2.0	24.0	213	237.0	0.10126582278481013	2.0	2.0	4.0	1.0	0.0	0.0	0.0	0.0	24.0	202	226.0	0.10619469026548672	5.0	2.0	7.0	1.0	0.0	0.0	0.0	0.0
106	chr2:182311950:-_chr6:35352037:-	0.5938	2.0	53.0	185	238.0	0.22268907563025211	4.0	2.0	6.0	1.0	0.0	0.0	0.0	0.0	53.0	163	216.0	0.24537037037037038	2.0	1.0	3.0	1.0	0.0	0.0	0.0	0.0
71	chr2:185527502:+_chr2:185806882:-	0.5938	2.0	44.0	122	166.0	0.26506024096385544	3.0	2.0	5.0	1.0	0.0	0.0	0.0	0.0	44.0	124	168.0	0.2619047619047619	3.0	2.0	5.0	1.0	0.0	0.0	0.0	0.0
72	chr2:197440819:-_chr2:200488820:+	0.5938	2.0	49.0	114	163.0	0.3006134969325153	2.0	1.0	3.0	1.0	0.0	0.0	0.0	0.0	49.0	92	141.0	0.3475177304964539	2.0	1.0	3.0	1.0	0.0	0.0	0.0	0.0
73	chr2:233748060:-_chr2:233907745:+	0.5938	2.0	81.0	83	164.0	0.49390243902439024	2.0	0.0	2.0	1.0	0.0	0.0	0.0	0.0	81.0	65	146.0	0.5547945205479452	2.0	0.0	2.0	1.0	0.0	0.0	0.0	0.0
80	chr3:3810935:+_chr3:6955601:-	0.5938	2.0	17.0	210	227.0	0.07488986784140969	5.0	1.0	6.0	1.0	0.0	0.0	0.0	0.0	17.0	224	241.0	0.07053941908713693	6.0	1.0	7.0	1.0	0.0	0.0	0.0	0.0
81	chr3:3835649:+_chr3:3838103:-	0.5938	2.0	11.0	133	144.0	0.0763888888888889	5.0	1.0	6.0	1.0	0.0	0.0	0.0	0.0	11.0	144	155.0	0.07096774193548387	3.0	1.0	4.0	1.0	0.0	0.0	0.0	0.0
82	chr3:3857673:+_chr3:6955670:+	0.5938	2.0	27.0	190	217.0	0.12442396313364056	5.0	1.0	6.0	1.0	0.0	0.0	0.0	0.0	27.0	234	261.0	0.10344827586206896	6.0	1.0	7.0	1.0	0.0	0.0	0.0	0.0
345	chr3:6774070:-_chr19:30135027:+	0.5938	2.0	35.0	199	234.0	0.14957264957264957	6.0	1.0	7.0	1.0	0.0	0.0	0.0	0.0	35.0	377	412.0	0.08495145631067962	6.0	2.0	8.0	1.0	0.0	0.0	0.0	0.0
84	chr3:7301854:-_chr3:46888447:+	0.5938	2.0	44.0	99	143.0	0.3076923076923077	3.0	1.0	4.0	1.0	0.0	0.0	0.0	0.0	44.0	187	231.0	0.19047619047619047	4.0	0.0	4.0	1.0	0.0	0.0	0.0	0.0
85	chr3:9049389:+_chr3:9060534:-	0.5938	2.0	98.0	207	305.0	0.32131147540983607	3.0	1.0	4.0	1.0	0.0	0.0	0.0	0.0	98.0	126	224.0	0.4375	5.0	1.0	6.0	1.0	0.0	0.0	0.0	0.0
86	chr3:11183362:+_chr3:11318837:-	0.5938	2.0	75.0	265	340.0	0.22058823529411764	5.0	1.0	6.0	1.0	0.0	0.0	0.0	0.0	75.0	259	334.0	0.2245508982035928	7.0	1.0	8.0	1.0	0.0	0.0	0.0	0.0
87	chr3:11308982:+_chr3:11319305:-	0.5938	2.0	95.0	271	366.0	0.25956284153005466	5.0	1.0	6.0	1.0	0.0	0.0	0.0	0.0	95.0	254	349.0	0.2722063037249284	7.0	1.0	8.0	1.0	0.0	0.0	0.0	0.0
89	chr3:12119584:-_chr3:12120583:-	0.5938	2.0	72.0	315	387.0	0.18604651162790697	7.0	1.0	8.0	1.0	0.0	0.0	0.0	0.0	72.0	441	513.0	0.14035087719298245	7.0	1.0	8.0	1.0	0.0	0.0	0.0	0.0
237	chr3:12205007:-_chr10:75587961:-	0.5938	2.0	35.0	414	449.0	0.0779510022271715	7.0	1.0	8.0	1.0	0.0	0.0	0.0	0.0	35.0	151	186.0	0.1881720430107527	3.0	1.0	4.0	1.0	0.0	0.0	0.0	0.0
236	chr3:12205727:-_chr10:75468515:-	0.5938	2.0	52.0	359	411.0	0.12652068126520682	7.0	1.0	8.0	1.0	0.0	0.0	0.0	0.0	52.0	93	145.0	0.3586206896551724	2.0	1.0	3.0	1.0	0.0	0.0	0.0	0.0
90	chr3:12520087:+_chr3:12520828:+	0.5938	2.0	5.0	342	347.0	0.01440922190201729	7.0	1.0	8.0	1.0	0.0	0.0	0.0	0.0	5.0	170	175.0	0.02857142857142857	7.0	1.0	8.0	1.0	0.0	0.0	0.0	0.0
91	chr3:18476546:-_chr3:20009533:+	0.5938	2.0	83.0	146	229.0	0.3624454148471616	3.0	1.0	4.0	1.0	0.0	0.0	0.0	0.0	83.0	122	205.0	0.40487804878048783	3.0	1.0	4.0	1.0	0.0	0.0	0.0	0.0
373	chr3:27118597:-_chr22:45657493:+	0.5938	2.0	79.0	115	194.0	0.4072164948453608	3.0	1.0	4.0	1.0	0.0	0.0	0.0	0.0	79.0	89	168.0	0.47023809523809523	2.0	0.0	2.0	1.0	0.0	0.0	0.0	0.0
92	chr3:37531936:+_chr3:37686204:-	0.5938	2.0	33.0	71	104.0	0.3173076923076923	1.0	1.0	2.0	1.0	0.0	0.0	0.0	0.0	33.0	142	175.0	0.18857142857142858	3.0	1.0	4.0	1.0	0.0	0.0	0.0	0.0
295	chr3:37603216:-_chr17:30631708:+	0.5938	2.0	94.0	73	167.0	0.562874251497006	3.0	1.0	4.0	1.0	0.0	0.0	0.0	0.0	94.0	174	268.0	0.35074626865671643	6.0	0.0	6.0	1.0	0.0	0.0	0.0	0.0
296	chr3:46826530:-_chr17:31769522:-	0.5938	2.0	93.0	159	252.0	0.36904761904761907	5.0	1.0	6.0	1.0	0.0	0.0	0.0	0.0	93.0	160	253.0	0.3675889328063241	6.0	0.0	6.0	1.0	0.0	0.0	0.0	0.0
93	chr3:46984983:+_chr3:47398907:-	0.5938	2.0	38.0	169	207.0	0.18357487922705315	5.0	1.0	6.0	1.0	0.0	0.0	0.0	0.0	38.0	195	233.0	0.1630901287553648	4.0	1.0	5.0	1.0	0.0	0.0	0.0	0.0
94	chr3:48710139:+_chr3:48989039:-	0.5938	2.0	170.0	59	229.0	0.74235807860262	3.0	1.0	4.0	1.0	0.0	0.0	0.0	0.0	170.0	75	245.0	0.6938775510204082	4.0	1.0	5.0	1.0	0.0	0.0	0.0	0.0
95	chr3:71234063:+_chr3:71495319:-	0.5938	2.0	15.0	91	106.0	0.14150943396226415	1.0	1.0	2.0	1.0	0.0	0.0	0.0	0.0	15.0	64	79.0	0.189873417721519	1.0	1.0	2.0	1.0	0.0	0.0	0.0	0.0
96	chr3:72946048:+_chr3:73001740:-	0.5938	2.0	30.0	63	93.0	0.3225806451612903	1.0	1.0	2.0	1.0	0.0	0.0	0.0	0.0	30.0	82	112.0	0.26785714285714285	1.0	1.0	2.0	1.0	0.0	0.0	0.0	0.0
136	chr3:94097446:-_chr8:1070424:+	0.5938	2.0	35.0	107	142.0	0.24647887323943662	3.0	2.0	5.0	1.0	0.0	0.0	0.0	0.0	35.0	73	108.0	0.32407407407407407	2.0	0.0	2.0	1.0	0.0	0.0	0.0	0.0
97	chr3:136156690:+_chr3:136733867:-	0.5938	2.0	17.0	171	188.0	0.09042553191489362	3.0	2.0	5.0	1.0	0.0	0.0	0.0	0.0	17.0	122	139.0	0.1223021582733813	3.0	2.0	5.0	1.0	0.0	0.0	0.0	0.0
98	chr3:136738987:+_chr3:136744791:-	0.5938	2.0	94.0	100	194.0	0.4845360824742268	2.0	1.0	3.0	1.0	0.0	0.0	0.0	0.0	94.0	95	189.0	0.4973544973544973	3.0	2.0	5.0	1.0	0.0	0.0	0.0	0.0
99	chr3:141531279:+_chr3:141545809:-	0.5938	2.0	41.0	90	131.0	0.31297709923664124	3.0	2.0	5.0	1.0	0.0	0.0	0.0	0.0	41.0	127	168.0	0.24404761904761904	3.0	2.0	5.0	1.0	0.0	0.0	0.0	0.0
100	chr3:144042777:+_chr3:144080352:-	0.5938	2.0	37.0	92	129.0	0.2868217054263566	3.0	2.0	5.0	1.0	0.0	0.0	0.0	0.0	37.0	74	111.0	0.3333333333333333	3.0	2.0	5.0	1.0	0.0	0.0	0.0	0.0
101	chr3:177181765:+_chr3:177210745:-	0.5938	2.0	56.0	120	176.0	0.3181818181818182	3.0	2.0	5.0	1.0	0.0	0.0	0.0	0.0	56.0	151	207.0	0.27053140096618356	3.0	2.0	5.0	1.0	0.0	0.0	0.0	0.0
102	chr4:1921521:+_chr4:2351394:-	0.5938	2.0	73.0	73	146.0	0.5	2.0	0.0	2.0	1.0	0.0	0.0	0.0	0.0	73.0	74	147.0	0.4965986394557823	2.0	0.0	2.0	1.0	0.0	0.0	0.0	0.0
103	chr4:39828242:+_chr4:40138509:-	0.5938	2.0	26.0	45	71.0	0.36619718309859156	2.0	0.0	2.0	1.0	0.0	0.0	0.0	0.0	26.0	73	99.0	0.26262626262626265	2.0	0.0	2.0	1.0	0.0	0.0	0.0	0.0
105	chr4:53566222:-_chr4:56901711:+	0.5938	2.0	36.0	96	132.0	0.2727272727272727	2.0	0.0	2.0	1.0	0.0	0.0	0.0	0.0	36.0	76	112.0	0.32142857142857145	2.0	0.0	2.0	1.0	0.0	0.0	0.0	0.0
106	chr4:56706138:-_chr4:56759304:-	0.5938	2.0	38.0	106	144.0	0.2638888888888889	2.0	0.0	2.0	1.0	0.0	0.0	0.0	0.0	38.0	113	151.0	0.25165562913907286	2.0	1.0	3.0	1.0	0.0	0.0	0.0	0.0
107	chr4:56749070:+_chr4:61121129:-	0.5938	2.0	29.0	116	145.0	0.2	2.0	0.0	2.0	1.0	0.0	0.0	0.0	0.0	29.0	79	108.0	0.26851851851851855	3.0	1.0	4.0	1.0	0.0	0.0	0.0	0.0
374	chr4:83134924:+_chr22:49783389:-	0.5938	2.0	69.0	86	155.0	0.44516129032258067	1.0	1.0	2.0	1.0	0.0	0.0	0.0	0.0	69.0	133	202.0	0.3415841584158416	2.0	0.0	2.0	1.0	0.0	0.0	0.0	0.0
108	chr4:86189982:+_chr4:86591165:-	0.5938	2.0	23.0	48	71.0	0.323943661971831	1.0	0.0	1.0	1.0	0.0	0.0	0.0	0.0	23.0	41	64.0	0.359375	1.0	1.0	2.0	1.0	0.0	0.0	0.0	0.0
241	chr4:86683216:-_chr11:84429510:+	0.5938	2.0	37.0	86	123.0	0.3008130081300813	1.0	1.0	2.0	1.0	0.0	0.0	0.0	0.0	37.0	113	150.0	0.24666666666666667	2.0	1.0	3.0	1.0	0.0	0.0	0.0	0.0
109	chr4:91489585:+_chr4:91601366:-	0.5938	2.0	24.0	56	80.0	0.3	1.0	1.0	2.0	1.0	0.0	0.0	0.0	0.0	24.0	66	90.0	0.26666666666666666	2.0	1.0	3.0	1.0	0.0	0.0	0.0	0.0
110	chr4:98980012:+_chr4:99325090:-	0.5938	2.0	31.0	60	91.0	0.34065934065934067	1.0	1.0	2.0	1.0	0.0	0.0	0.0	0.0	31.0	73	104.0	0.2980769230769231	1.0	1.0	2.0	1.0	0.0	0.0	0.0	0.0
257	chr4:106748603:-_chr13:31124761:+	0.5938	2.0	67.0	108	175.0	0.38285714285714284	4.0	1.0	5.0	1.0	0.0	0.0	0.0	0.0	67.0	122	189.0	0.3544973544973545	2.0	0.0	2.0	1.0	0.0	0.0	0.0	0.0
111	chr4:116019985:-_chr4:185807135:-	0.5938	2.0	20.0	106	126.0	0.15873015873015872	1.0	1.0	2.0	1.0	0.0	0.0	0.0	0.0	20.0	88	108.0	0.18518518518518517	1.0	1.0	2.0	1.0	0.0	0.0	0.0	0.0
112	chr4:116031107:+_chr4:170141240:-	0.5938	2.0	37.0	84	121.0	0.30578512396694213	1.0	1.0	2.0	1.0	0.0	0.0	0.0	0.0	37.0	73	110.0	0.33636363636363636	1.0	1.0	2.0	1.0	0.0	0.0	0.0	0.0
113	chr4:145708741:-_chr4:170142189:+	0.5938	2.0	53.0	84	137.0	0.38686131386861317	1.0	1.0	2.0	1.0	0.0	0.0	0.0	0.0	53.0	79	132.0	0.4015151515151515	1.0	1.0	2.0	1.0	0.0	0.0	0.0	0.0
114	chr4:155073824:-_chr4:174464545:-	0.5938	2.0	28.0	99	127.0	0.2204724409448819	1.0	1.0	2.0	1.0	0.0	0.0	0.0	0.0	28.0	93	121.0	0.23140495867768596	1.0	1.0	2.0	1.0	0.0	0.0	0.0	0.0
115	chr4:155790667:+_chr4:182835892:-	0.5938	2.0	39.0	109	148.0	0.2635135135135135	2.0	1.0	3.0	1.0	0.0	0.0	0.0	0.0	39.0	139	178.0	0.21910112359550563	2.0	1.0	3.0	1.0	0.0	0.0	0.0	0.0
116	chr5:65912807:-_chr5:65921088:+	0.5938	2.0	33.0	78	111.0	0.2972972972972973	2.0	0.0	2.0	1.0	0.0	0.0	0.0	0.0	33.0	72	105.0	0.3142857142857143	2.0	0.0	2.0	1.0	0.0	0.0	0.0	0.0
117	chr5:67083283:+_chr5:67183759:-	0.5938	2.0	72.0	31	103.0	0.6990291262135923	2.0	0.0	2.0	1.0	0.0	0.0	0.0	0.0	72.0	41	113.0	0.6371681415929203	2.0	0.0	2.0	1.0	0.0	0.0	0.0	0.0
118	chr6:5201541:+_chr6:5322482:-	0.5938	2.0	34.0	144	178.0	0.19101123595505617	4.0	1.0	5.0	1.0	0.0	0.0	0.0	0.0	34.0	131	165.0	0.20606060606060606	4.0	1.0	5.0	1.0	0.0	0.0	0.0	0.0
119	chr6:5457798:+_chr6:5458665:-	0.5938	2.0	35.0	123	158.0	0.22151898734177214	4.0	1.0	5.0	1.0	0.0	0.0	0.0	0.0	35.0	106	141.0	0.24822695035460993	4.0	1.0	5.0	1.0	0.0	0.0	0.0	0.0
120	chr6:7184706:+_chr6:7214655:-	0.5938	2.0	44.0	114	158.0	0.27848101265822783	4.0	1.0	5.0	1.0	0.0	0.0	0.0	0.0	44.0	163	207.0	0.21256038647342995	4.0	1.0	5.0	1.0	0.0	0.0	0.0	0.0
121	chr6:35367348:+_chr6:35377564:+	0.5938	2.0	22.0	212	234.0	0.09401709401709402	4.0	1.0	5.0	1.0	0.0	0.0	0.0	0.0	22.0	129	151.0	0.1456953642384106	2.0	1.0	3.0	1.0	0.0	0.0	0.0	0.0
122	chr6:36955512:-_chr6:169385532:-	0.5938	2.0	28.0	141	169.0	0.16568047337278108	2.0	1.0	3.0	1.0	0.0	0.0	0.0	0.0	28.0	161	189.0	0.14814814814814814	3.0	1.0	4.0	1.0	0.0	0.0	0.0	0.0
123	chr6:36992179:+_chr6:37002623:+	0.5938	2.0	23.0	89	112.0	0.20535714285714285	2.0	1.0	3.0	1.0	0.0	0.0	0.0	0.0	23.0	146	169.0	0.13609467455621302	1.0	0.0	1.0	1.0	0.0	0.0	0.0	0.0
283	chr6:38359994:-_chr16:57739061:-	0.5938	2.0	39.0	264	303.0	0.12871287128712872	6.0	1.0	7.0	1.0	0.0	0.0	0.0	0.0	39.0	195	234.0	0.16666666666666666	3.0	3.0	6.0	1.0	0.0	0.0	0.0	0.0
284	chr6:38362362:-_chr16:59856091:+	0.5938	2.0	32.0	243	275.0	0.11636363636363636	6.0	1.0	7.0	1.0	0.0	0.0	0.0	0.0	32.0	137	169.0	0.1893491124260355	3.0	3.0	6.0	1.0	0.0	0.0	0.0	0.0
124	chr6:38379988:+_chr6:38385218:-	0.5938	2.0	10.0	241	251.0	0.0398406374501992	6.0	1.0	7.0	1.0	0.0	0.0	0.0	0.0	10.0	292	302.0	0.033112582781456956	6.0	1.0	7.0	1.0	0.0	0.0	0.0	0.0
125	chr6:38588591:+_chr6:42765389:-	0.5938	2.0	243.0	73	316.0	0.7689873417721519	6.0	1.0	7.0	1.0	0.0	0.0	0.0	0.0	243.0	80	323.0	0.7523219814241486	5.0	1.0	6.0	1.0	0.0	0.0	0.0	0.0
126	chr6:43395371:+_chr6:43419100:-	0.5938	2.0	53.0	236	289.0	0.18339100346020762	5.0	1.0	6.0	1.0	0.0	0.0	0.0	0.0	53.0	139	192.0	0.2760416666666667	5.0	1.0	6.0	1.0	0.0	0.0	0.0	0.0
299	chr6:44376011:+_chr17:35089193:+	0.5938	2.0	96.0	79	175.0	0.5485714285714286	4.0	1.0	5.0	1.0	0.0	0.0	0.0	0.0	96.0	90	186.0	0.5161290322580645	6.0	0.0	6.0	1.0	0.0	0.0	0.0	0.0
346	chr6:53778505:-_chr19:39400609:+	0.5938	2.0	26.0	110	136.0	0.19117647058823528	1.0	0.0	1.0	1.0	0.0	0.0	0.0	0.0	26.0	408	434.0	0.059907834101382486	8.0	2.0	10.0	1.0	0.0	0.0	0.0	0.0
127	chr6:53778618:+_chr6:53785599:+	0.5938	2.0	40.0	98	138.0	0.2898550724637681	1.0	1.0	2.0	1.0	0.0	0.0	0.0	0.0	40.0	51	91.0	0.43956043956043955	1.0	0.0	1.0	1.0	0.0	0.0	0.0	0.0
128	chr6:63657132:+_chr6:63662471:-	0.5938	2.0	34.0	74	108.0	0.3148148148148148	1.0	1.0	2.0	1.0	0.0	0.0	0.0	0.0	34.0	85	119.0	0.2857142857142857	1.0	1.0	2.0	1.0	0.0	0.0	0.0	0.0
129	chr6:119253165:+_chr6:119306863:-	0.5938	2.0	55.0	77	132.0	0.4166666666666667	1.0	1.0	2.0	1.0	0.0	0.0	0.0	0.0	55.0	84	139.0	0.39568345323741005	1.0	1.0	2.0	1.0	0.0	0.0	0.0	0.0
130	chr6:120010234:+_chr6:120773738:-	0.5938	2.0	35.0	55	90.0	0.3888888888888889	1.0	1.0	2.0	1.0	0.0	0.0	0.0	0.0	35.0	56	91.0	0.38461538461538464	1.0	1.0	2.0	1.0	0.0	0.0	0.0	0.0
173	chr6:154836654:-_chr8:41505941:+	0.5938	2.0	43.0	129	172.0	0.25	3.0	1.0	4.0	1.0	0.0	0.0	0.0	0.0	43.0	182	225.0	0.19111111111111112	3.0	1.0	4.0	1.0	0.0	0.0	0.0	0.0
259	chr6:155881340:+_chr13:103962405:-	0.5938	2.0	80.0	153	233.0	0.34334763948497854	3.0	1.0	4.0	1.0	0.0	0.0	0.0	0.0	80.0	111	191.0	0.418848167539267	3.0	1.0	4.0	1.0	0.0	0.0	0.0	0.0
258	chr6:156309576:-_chr13:84030477:+	0.5938	2.0	71.0	153	224.0	0.3169642857142857	3.0	1.0	4.0	1.0	0.0	0.0	0.0	0.0	71.0	76	147.0	0.48299319727891155	3.0	1.0	4.0	1.0	0.0	0.0	0.0	0.0
131	chr6:156892147:+_chr6:156912481:-	0.5938	2.0	37.0	135	172.0	0.21511627906976744	3.0	1.0	4.0	1.0	0.0	0.0	0.0	0.0	37.0	134	171.0	0.21637426900584794	3.0	1.0	4.0	1.0	0.0	0.0	0.0	0.0
298	chr6:158644617:+_chr17:8221808:+	0.5938	2.0	23.0	172	195.0	0.11794871794871795	3.0	1.0	4.0	1.0	0.0	0.0	0.0	0.0	23.0	96	119.0	0.19327731092436976	2.0	0.0	2.0	1.0	0.0	0.0	0.0	0.0
132	chr7:987031:+_chr7:1033808:-	0.5938	2.0	33.0	126	159.0	0.20754716981132076	2.0	1.0	3.0	1.0	0.0	0.0	0.0	0.0	33.0	118	151.0	0.2185430463576159	2.0	1.0	3.0	1.0	0.0	0.0	0.0	0.0
133	chr7:8016184:+_chr7:8068243:-	0.5938	2.0	27.0	130	157.0	0.17197452229299362	2.0	1.0	3.0	1.0	0.0	0.0	0.0	0.0	27.0	140	167.0	0.16167664670658682	2.0	1.0	3.0	1.0	0.0	0.0	0.0	0.0
134	chr7:11929600:-_chr7:12250623:+	0.5938	2.0	48.0	78	126.0	0.38095238095238093	2.0	1.0	3.0	1.0	0.0	0.0	0.0	0.0	48.0	80	128.0	0.375	3.0	1.0	4.0	1.0	0.0	0.0	0.0	0.0
135	chr7:27886343:+_chr7:28153333:-	0.5938	2.0	39.0	115	154.0	0.2532467532467532	2.0	1.0	3.0	1.0	0.0	0.0	0.0	0.0	39.0	114	153.0	0.2549019607843137	2.0	1.0	3.0	1.0	0.0	0.0	0.0	0.0
136	chr7:28850643:+_chr7:28855088:+	0.5938	2.0	46.0	113	159.0	0.2893081761006289	2.0	1.0	3.0	1.0	0.0	0.0	0.0	0.0	46.0	88	134.0	0.34328358208955223	1.0	1.0	2.0	1.0	0.0	0.0	0.0	0.0
137	chr7:32847097:+_chr7:33002815:-	0.5938	2.0	53.0	67	120.0	0.44166666666666665	1.0	1.0	2.0	1.0	0.0	0.0	0.0	0.0	53.0	90	143.0	0.3706293706293706	1.0	1.0	2.0	1.0	0.0	0.0	0.0	0.0
138	chr7:39982130:+_chr7:40218330:-	0.5938	2.0	32.0	41	73.0	0.4383561643835616	1.0	1.0	2.0	1.0	0.0	0.0	0.0	0.0	32.0	79	111.0	0.2882882882882883	1.0	1.0	2.0	1.0	0.0	0.0	0.0	0.0
139	chr7:91963100:+_chr7:91993198:-	0.5938	2.0	45.0	101	146.0	0.3082191780821918	3.0	2.0	5.0	1.0	0.0	0.0	0.0	0.0	45.0	129	174.0	0.25862068965517243	3.0	2.0	5.0	1.0	0.0	0.0	0.0	0.0
140	chr7:92002322:+_chr7:92015390:-	0.5938	2.0	43.0	99	142.0	0.3028169014084507	3.0	2.0	5.0	1.0	0.0	0.0	0.0	0.0	43.0	141	184.0	0.23369565217391305	3.0	2.0	5.0	1.0	0.0	0.0	0.0	0.0
141	chr7:105043530:+_chr7:105181069:-	0.5938	2.0	56.0	111	167.0	0.33532934131736525	3.0	2.0	5.0	1.0	0.0	0.0	0.0	0.0	56.0	77	133.0	0.42105263157894735	2.0	2.0	4.0	1.0	0.0	0.0	0.0	0.0
142	chr7:105082081:+_chr7:105188336:-	0.5938	2.0	27.0	65	92.0	0.29347826086956524	3.0	2.0	5.0	1.0	0.0	0.0	0.0	0.0	27.0	125	152.0	0.17763157894736842	2.0	0.0	2.0	1.0	0.0	0.0	0.0	0.0
143	chr7:105272108:+_chr7:105708009:-	0.5938	2.0	70.0	109	179.0	0.39106145251396646	1.0	0.0	1.0	1.0	0.0	0.0	0.0	0.0	70.0	136	206.0	0.33980582524271846	3.0	2.0	5.0	1.0	0.0	0.0	0.0	0.0
144	chr7:133384922:+_chr7:135281370:-	0.5938	2.0	27.0	106	133.0	0.20300751879699247	3.0	0.0	3.0	1.0	0.0	0.0	0.0	0.0	27.0	168	195.0	0.13846153846153847	5.0	0.0	5.0	1.0	0.0	0.0	0.0	0.0
145	chr7:135278362:-_chr7:135280724:+	0.5938	2.0	59.0	90	149.0	0.3959731543624161	2.0	0.0	2.0	1.0	0.0	0.0	0.0	0.0	59.0	114	173.0	0.34104046242774566	5.0	0.0	5.0	1.0	0.0	0.0	0.0	0.0
146	chr7:140905946:+_chr7:141117960:-	0.5938	2.0	34.0	120	154.0	0.22077922077922077	5.0	0.0	5.0	1.0	0.0	0.0	0.0	0.0	34.0	199	233.0	0.1459227467811159	5.0	0.0	5.0	1.0	0.0	0.0	0.0	0.0
147	chr7:151420520:+_chr7:151462164:-	0.5938	2.0	193.0	47	240.0	0.8041666666666667	5.0	0.0	5.0	1.0	0.0	0.0	0.0	0.0	193.0	58	251.0	0.7689243027888446	5.0	0.0	5.0	1.0	0.0	0.0	0.0	0.0
149	chr8:39631659:-_chr8:39650154:-	0.5938	2.0	37.0	61	98.0	0.37755102040816324	1.0	0.0	1.0	1.0	0.0	0.0	0.0	0.0	37.0	110	147.0	0.25170068027210885	3.0	1.0	4.0	1.0	0.0	0.0	0.0	0.0
150	chr8:41490092:-_chr8:41494084:-	0.5938	2.0	60.0	154	214.0	0.2803738317757009	3.0	1.0	4.0	1.0	0.0	0.0	0.0	0.0	60.0	185	245.0	0.24489795918367346	3.0	1.0	4.0	1.0	0.0	0.0	0.0	0.0
151	chr8:60452070:+_chr8:60510373:-	0.5938	2.0	51.0	102	153.0	0.3333333333333333	2.0	1.0	3.0	1.0	0.0	0.0	0.0	0.0	51.0	87	138.0	0.3695652173913043	2.0	1.0	3.0	1.0	0.0	0.0	0.0	0.0
152	chr8:65650657:+_chr8:65773767:-	0.5938	2.0	42.0	93	135.0	0.3111111111111111	2.0	1.0	3.0	1.0	0.0	0.0	0.0	0.0	42.0	84	126.0	0.3333333333333333	2.0	1.0	3.0	1.0	0.0	0.0	0.0	0.0
153	chr8:83110055:-_chr8:134069699:-	0.5938	2.0	10.0	116	126.0	0.07936507936507936	3.0	1.0	4.0	1.0	0.0	0.0	0.0	0.0	10.0	200	210.0	0.047619047619047616	4.0	2.0	6.0	1.0	0.0	0.0	0.0	0.0
154	chr8:94628579:+_chr8:94871077:-	0.5938	2.0	40.0	124	164.0	0.24390243902439024	2.0	1.0	3.0	1.0	0.0	0.0	0.0	0.0	40.0	96	136.0	0.29411764705882354	2.0	1.0	3.0	1.0	0.0	0.0	0.0	0.0
155	chr8:99885017:-_chr8:115471083:-	0.5938	2.0	344.0	126	470.0	0.7319148936170212	8.0	2.0	10.0	1.0	0.0	0.0	0.0	0.0	344.0	152	496.0	0.6935483870967742	6.0	2.0	8.0	1.0	0.0	0.0	0.0	0.0
160	chr8:103584982:-_chr8:120375451:-	0.5938	2.0	133.0	106	239.0	0.5564853556485355	2.0	1.0	3.0	1.0	0.0	0.0	0.0	0.0	133.0	164	297.0	0.4478114478114478	4.0	2.0	6.0	1.0	0.0	0.0	0.0	0.0
161	chr8:104877568:+_chr8:109510229:+	0.5938	2.0	28.0	166	194.0	0.14432989690721648	4.0	2.0	6.0	1.0	0.0	0.0	0.0	0.0	28.0	168	196.0	0.14285714285714285	4.0	2.0	6.0	1.0	0.0	0.0	0.0	0.0
162	chr8:106701268:-_chr8:112835553:+	0.5938	2.0	92.0	144	236.0	0.3898305084745763	4.0	2.0	6.0	1.0	0.0	0.0	0.0	0.0	92.0	152	244.0	0.3770491803278688	5.0	2.0	7.0	1.0	0.0	0.0	0.0	0.0
163	chr8:106723994:+_chr8:112745196:+	0.5938	2.0	39.0	231	270.0	0.14444444444444443	4.0	2.0	6.0	1.0	0.0	0.0	0.0	0.0	39.0	164	203.0	0.1921182266009852	5.0	2.0	7.0	1.0	0.0	0.0	0.0	0.0
164	chr8:106960454:-_chr8:110654629:-	0.5938	2.0	67.0	172	239.0	0.2803347280334728	4.0	2.0	6.0	1.0	0.0	0.0	0.0	0.0	67.0	147	214.0	0.3130841121495327	4.0	2.0	6.0	1.0	0.0	0.0	0.0	0.0
165	chr8:112449278:+_chr8:135414040:+	0.5938	2.0	52.0	146	198.0	0.26262626262626265	3.0	3.0	6.0	1.0	0.0	0.0	0.0	0.0	52.0	147	199.0	0.2613065326633166	2.0	2.0	4.0	1.0	0.0	0.0	0.0	0.0
166	chr8:112680353:-_chr8:115071956:-	0.5938	2.0	70.0	182	252.0	0.2777777777777778	3.0	3.0	6.0	1.0	0.0	0.0	0.0	0.0	70.0	217	287.0	0.24390243902439024	4.0	2.0	6.0	1.0	0.0	0.0	0.0	0.0
167	chr8:112763277:-_chr8:120045846:+	0.5938	2.0	77.0	83	160.0	0.48125	3.0	3.0	6.0	1.0	0.0	0.0	0.0	0.0	77.0	188	265.0	0.29056603773584905	2.0	1.0	3.0	1.0	0.0	0.0	0.0	0.0
168	chr8:112801620:-_chr8:121100710:+	0.5938	2.0	61.0	128	189.0	0.32275132275132273	7.0	3.0	10.0	1.0	0.0	0.0	0.0	0.0	61.0	112	173.0	0.35260115606936415	3.0	3.0	6.0	1.0	0.0	0.0	0.0	0.0
347	chr8:115743211:+_chr19:4642367:-	0.5938	2.0	37.0	137	174.0	0.21264367816091953	6.0	2.0	8.0	1.0	0.0	0.0	0.0	0.0	37.0	151	188.0	0.19680851063829788	3.0	0.0	3.0	1.0	0.0	0.0	0.0	0.0
172	chr8:116714990:+_chr8:116842359:-	0.5938	2.0	45.0	212	257.0	0.17509727626459143	6.0	2.0	8.0	1.0	0.0	0.0	0.0	0.0	45.0	234	279.0	0.16129032258064516	6.0	2.0	8.0	1.0	0.0	0.0	0.0	0.0
173	chr8:117905461:+_chr8:117974848:-	0.5938	2.0	88.0	250	338.0	0.2603550295857988	6.0	2.0	8.0	1.0	0.0	0.0	0.0	0.0	88.0	261	349.0	0.2521489971346705	6.0	2.0	8.0	1.0	0.0	0.0	0.0	0.0
174	chr8:118898025:+_chr8:119101605:-	0.5938	2.0	68.0	247	315.0	0.21587301587301588	6.0	2.0	8.0	1.0	0.0	0.0	0.0	0.0	68.0	228	296.0	0.22972972972972974	6.0	2.0	8.0	1.0	0.0	0.0	0.0	0.0
175	chr8:125359358:-_chr8:131104084:-	0.5938	2.0	91.0	72	163.0	0.558282208588957	3.0	2.0	5.0	1.0	0.0	0.0	0.0	0.0	91.0	200	291.0	0.3127147766323024	4.0	2.0	6.0	1.0	0.0	0.0	0.0	0.0
176	chr8:125846281:-_chr8:125848524:-	0.5938	2.0	271.0	240	511.0	0.5303326810176126	4.0	2.0	6.0	1.0	0.0	0.0	0.0	0.0	271.0	404	675.0	0.4014814814814815	10.0	2.0	12.0	1.0	0.0	0.0	0.0	0.0
178	chr8:127960674:+_chr8:128086710:+	0.5938	2.0	30.0	169	199.0	0.1507537688442211	4.0	2.0	6.0	1.0	0.0	0.0	0.0	0.0	30.0	182	212.0	0.14150943396226415	3.0	2.0	5.0	1.0	0.0	0.0	0.0	0.0
179	chr8:136230067:-_chr8:144030749:-	0.5938	2.0	60.0	148	208.0	0.28846153846153844	2.0	2.0	4.0	1.0	0.0	0.0	0.0	0.0	60.0	197	257.0	0.23346303501945526	4.0	2.0	6.0	1.0	0.0	0.0	0.0	0.0
180	chr8:136659108:-_chr8:143223365:-	0.5938	2.0	98.0	177	275.0	0.3563636363636364	4.0	2.0	6.0	1.0	0.0	0.0	0.0	0.0	98.0	183	281.0	0.3487544483985765	4.0	2.0	6.0	1.0	0.0	0.0	0.0	0.0
181	chr8:136776128:+_chr8:144893770:-	0.5938	2.0	142.0	150	292.0	0.4863013698630137	6.0	2.0	8.0	1.0	0.0	0.0	0.0	0.0	142.0	109	251.0	0.5657370517928287	4.0	0.0	4.0	1.0	0.0	0.0	0.0	0.0
182	chr8:140549799:+_chr8:140887852:-	0.5938	2.0	31.0	175	206.0	0.15048543689320387	3.0	2.0	5.0	1.0	0.0	0.0	0.0	0.0	31.0	123	154.0	0.2012987012987013	3.0	2.0	5.0	1.0	0.0	0.0	0.0	0.0
183	chr8:140565444:+_chr8:140613093:-	0.5938	2.0	43.0	87	130.0	0.33076923076923076	3.0	2.0	5.0	1.0	0.0	0.0	0.0	0.0	43.0	123	166.0	0.25903614457831325	1.0	1.0	2.0	1.0	0.0	0.0	0.0	0.0
184	chr8:140647711:+_chr8:140891819:-	0.5938	2.0	52.0	99	151.0	0.3443708609271523	3.0	2.0	5.0	1.0	0.0	0.0	0.0	0.0	52.0	151	203.0	0.2561576354679803	3.0	2.0	5.0	1.0	0.0	0.0	0.0	0.0
187	chr9:21621678:+_chr9:21738138:-	0.5938	2.0	13.0	71	84.0	0.15476190476190477	1.0	1.0	2.0	1.0	0.0	0.0	0.0	0.0	13.0	70	83.0	0.1566265060240964	1.0	1.0	2.0	1.0	0.0	0.0	0.0	0.0
188	chr9:33941415:+_chr9:34038292:-	0.5938	2.0	12.0	117	129.0	0.09302325581395349	1.0	1.0	2.0	1.0	0.0	0.0	0.0	0.0	12.0	131	143.0	0.08391608391608392	3.0	1.0	4.0	1.0	0.0	0.0	0.0	0.0
189	chr9:34038390:-_chr9:34252652:-	0.5938	2.0	52.0	137	189.0	0.2751322751322751	1.0	1.0	2.0	1.0	0.0	0.0	0.0	0.0	52.0	81	133.0	0.39097744360902253	1.0	1.0	2.0	1.0	0.0	0.0	0.0	0.0
190	chr9:112049248:+_chr9:112264721:-	0.5938	2.0	20.0	83	103.0	0.1941747572815534	2.0	0.0	2.0	1.0	0.0	0.0	0.0	0.0	20.0	71	91.0	0.21978021978021978	2.0	0.0	2.0	1.0	0.0	0.0	0.0	0.0
191	chr9:123447627:+_chr9:123840048:-	0.5938	2.0	35.0	53	88.0	0.3977272727272727	2.0	0.0	2.0	1.0	0.0	0.0	0.0	0.0	35.0	39	74.0	0.47297297297297297	2.0	0.0	2.0	1.0	0.0	0.0	0.0	0.0
192	chr9:124355068:-_chr9:124362362:-	0.5938	2.0	55.0	169	224.0	0.24553571428571427	2.0	0.0	2.0	1.0	0.0	0.0	0.0	0.0	55.0	175	230.0	0.2391304347826087	2.0	2.0	4.0	1.0	0.0	0.0	0.0	0.0
193	chr9:137454422:+_chr9:137584211:-	0.5938	2.0	53.0	149	202.0	0.2623762376237624	2.0	1.0	3.0	1.0	0.0	0.0	0.0	0.0	53.0	151	204.0	0.25980392156862747	2.0	1.0	3.0	1.0	0.0	0.0	0.0	0.0
239	chr10:41831024:+_chr17:42912967:+	0.5938	2.0	18.0	36	54.0	0.3333333333333333	1.0	1.0	2.0	1.0	0.0	0.0	0.0	0.0	18.0	104	122.0	0.14754098360655737	2.0	0.0	2.0	1.0	0.0	0.0	0.0	0.0
194	chr10:87042107:-_chr10:87057709:+	0.5938	2.0	59.0	114	173.0	0.34104046242774566	3.0	1.0	4.0	1.0	0.0	0.0	0.0	0.0	59.0	117	176.0	0.3352272727272727	3.0	1.0	4.0	1.0	0.0	0.0	0.0	0.0
240	chr10:89802570:+_chr19:30135219:-	0.5938	2.0	55.0	124	179.0	0.30726256983240224	3.0	1.0	4.0	1.0	0.0	0.0	0.0	0.0	55.0	334	389.0	0.14138817480719795	6.0	2.0	8.0	1.0	0.0	0.0	0.0	0.0
195	chr11:848741:-_chr11:1047850:+	0.5938	2.0	48.0	92	140.0	0.34285714285714286	2.0	0.0	2.0	1.0	0.0	0.0	0.0	0.0	48.0	80	128.0	0.375	2.0	0.0	2.0	1.0	0.0	0.0	0.0	0.0
196	chr11:1329874:+_chr11:1373538:-	0.5938	2.0	42.0	65	107.0	0.3925233644859813	2.0	0.0	2.0	1.0	0.0	0.0	0.0	0.0	42.0	74	116.0	0.3620689655172414	2.0	0.0	2.0	1.0	0.0	0.0	0.0	0.0
197	chr11:3484344:-_chr11:67856182:+	0.5938	2.0	14.0	72	86.0	0.16279069767441862	2.0	0.0	2.0	1.0	0.0	0.0	0.0	0.0	14.0	143	157.0	0.08917197452229299	2.0	1.0	3.0	1.0	0.0	0.0	0.0	0.0
252	chr11:47558755:-_chr16:17201377:+	0.5938	2.0	110.0	11	121.0	0.9090909090909091	2.0	2.0	4.0	1.0	0.0	0.0	0.0	0.0	110.0	96	206.0	0.5339805825242718	2.0	2.0	4.0	1.0	0.0	0.0	0.0	0.0
198	chr11:48499361:+_chr11:59761085:-	0.5938	2.0	69.0	69	138.0	0.5	2.0	2.0	4.0	1.0	0.0	0.0	0.0	0.0	69.0	68	137.0	0.5036496350364964	2.0	1.0	3.0	1.0	0.0	0.0	0.0	0.0
199	chr11:57796849:+_chr11:58647516:-	0.5938	2.0	39.0	236	275.0	0.14181818181818182	3.0	3.0	6.0	1.0	0.0	0.0	0.0	0.0	39.0	79	118.0	0.3305084745762712	2.0	0.0	2.0	1.0	0.0	0.0	0.0	0.0
200	chr11:58813339:+_chr11:72009621:-	0.5938	2.0	27.0	50	77.0	0.35064935064935066	2.0	0.0	2.0	1.0	0.0	0.0	0.0	0.0	27.0	153	180.0	0.15	2.0	1.0	3.0	1.0	0.0	0.0	0.0	0.0
201	chr11:67149641:+_chr11:67191117:-	0.5938	2.0	42.0	98	140.0	0.3	2.0	1.0	3.0	1.0	0.0	0.0	0.0	0.0	42.0	121	163.0	0.25766871165644173	2.0	1.0	3.0	1.0	0.0	0.0	0.0	0.0
202	chr11:68934377:+_chr11:69127689:-	0.5938	2.0	39.0	117	156.0	0.25	2.0	1.0	3.0	1.0	0.0	0.0	0.0	0.0	39.0	142	181.0	0.2154696132596685	2.0	1.0	3.0	1.0	0.0	0.0	0.0	0.0
203	chr11:72847169:+_chr11:73109000:-	0.5938	2.0	53.0	107	160.0	0.33125	2.0	1.0	3.0	1.0	0.0	0.0	0.0	0.0	53.0	110	163.0	0.32515337423312884	2.0	1.0	3.0	1.0	0.0	0.0	0.0	0.0
204	chr11:77668589:+_chr11:77701157:-	0.5938	2.0	38.0	100	138.0	0.2753623188405797	2.0	1.0	3.0	1.0	0.0	0.0	0.0	0.0	38.0	99	137.0	0.2773722627737226	2.0	1.0	3.0	1.0	0.0	0.0	0.0	0.0
205	chr12:45805042:+_chr12:45992643:-	0.5938	2.0	71.0	55	126.0	0.5634920634920635	2.0	1.0	3.0	1.0	0.0	0.0	0.0	0.0	71.0	66	137.0	0.5182481751824818	2.0	1.0	3.0	1.0	0.0	0.0	0.0	0.0
206	chr12:111617773:-_chr12:111619447:+	0.5938	2.0	26.0	73	99.0	0.26262626262626265	2.0	1.0	3.0	1.0	0.0	0.0	0.0	0.0	26.0	91	117.0	0.2222222222222222	2.0	1.0	3.0	1.0	0.0	0.0	0.0	0.0
207	chr12:119630834:-_chr12:119675931:+	0.5938	2.0	61.0	113	174.0	0.3505747126436782	2.0	1.0	3.0	1.0	0.0	0.0	0.0	0.0	61.0	87	148.0	0.41216216216216217	2.0	1.0	3.0	1.0	0.0	0.0	0.0	0.0
208	chr12:122494129:+_chr12:122497247:-	0.5938	2.0	34.0	100	134.0	0.2537313432835821	2.0	1.0	3.0	1.0	0.0	0.0	0.0	0.0	34.0	109	143.0	0.23776223776223776	2.0	1.0	3.0	1.0	0.0	0.0	0.0	0.0
209	chr13:29871064:-_chr13:29921684:-	0.5938	2.0	114.0	113	227.0	0.5022026431718062	2.0	0.0	2.0	1.0	0.0	0.0	0.0	0.0	114.0	106	220.0	0.5181818181818182	3.0	2.0	5.0	1.0	0.0	0.0	0.0	0.0
210	chr13:29880452:+_chr13:29913519:+	0.5938	2.0	71.0	134	205.0	0.3463414634146341	2.0	0.0	2.0	1.0	0.0	0.0	0.0	0.0	71.0	98	169.0	0.42011834319526625	3.0	2.0	5.0	1.0	0.0	0.0	0.0	0.0
211	chr13:31134413:+_chr13:31394162:-	0.5938	2.0	42.0	203	245.0	0.17142857142857143	2.0	0.0	2.0	1.0	0.0	0.0	0.0	0.0	42.0	242	284.0	0.14788732394366197	4.0	2.0	6.0	1.0	0.0	0.0	0.0	0.0
267	chr13:33704604:+_chr19:29192573:+	0.5938	2.0	79.0	79	158.0	0.5	2.0	2.0	4.0	1.0	0.0	0.0	0.0	0.0	79.0	183	262.0	0.3015267175572519	6.0	2.0	8.0	1.0	0.0	0.0	0.0	0.0
212	chr13:42100502:-_chr13:42441256:+	0.5938	2.0	41.0	90	131.0	0.31297709923664124	2.0	0.0	2.0	1.0	0.0	0.0	0.0	0.0	41.0	65	106.0	0.3867924528301887	2.0	0.0	2.0	1.0	0.0	0.0	0.0	0.0
213	chr13:46722960:+_chr13:46762927:-	0.5938	2.0	85.0	38	123.0	0.6910569105691057	2.0	0.0	2.0	1.0	0.0	0.0	0.0	0.0	85.0	38	123.0	0.6910569105691057	2.0	0.0	2.0	1.0	0.0	0.0	0.0	0.0
214	chr13:81438826:+_chr13:81442161:-	0.5938	2.0	16.0	75	91.0	0.17582417582417584	3.0	1.0	4.0	1.0	0.0	0.0	0.0	0.0	16.0	88	104.0	0.15384615384615385	3.0	1.0	4.0	1.0	0.0	0.0	0.0	0.0
215	chr13:111259094:+_chr13:111270756:-	0.5938	2.0	38.0	126	164.0	0.23170731707317074	2.0	1.0	3.0	1.0	0.0	0.0	0.0	0.0	38.0	115	153.0	0.24836601307189543	2.0	1.0	3.0	1.0	0.0	0.0	0.0	0.0
216	chr14:20825030:-_chr14:21147471:+	0.5938	2.0	33.0	106	139.0	0.23741007194244604	2.0	1.0	3.0	1.0	0.0	0.0	0.0	0.0	33.0	111	144.0	0.22916666666666666	2.0	1.0	3.0	1.0	0.0	0.0	0.0	0.0
217	chr14:29712817:+_chr14:69350451:-	0.5938	2.0	33.0	93	126.0	0.2619047619047619	2.0	1.0	3.0	1.0	0.0	0.0	0.0	0.0	33.0	120	153.0	0.21568627450980393	2.0	1.0	3.0	1.0	0.0	0.0	0.0	0.0
218	chr14:44986690:+_chr14:45091610:-	0.5938	2.0	35.0	41	76.0	0.4605263157894737	1.0	1.0	2.0	1.0	0.0	0.0	0.0	0.0	35.0	68	103.0	0.33980582524271846	1.0	1.0	2.0	1.0	0.0	0.0	0.0	0.0
219	chr14:51678997:+_chr14:51692354:-	0.5938	2.0	30.0	84	114.0	0.2631578947368421	1.0	1.0	2.0	1.0	0.0	0.0	0.0	0.0	30.0	51	81.0	0.37037037037037035	1.0	1.0	2.0	1.0	0.0	0.0	0.0	0.0
276	chr14:56148440:+_chr17:34721637:-	0.5938	2.0	15.0	121	136.0	0.11029411764705882	1.0	1.0	2.0	1.0	0.0	0.0	0.0	0.0	15.0	221	236.0	0.0635593220338983	6.0	0.0	6.0	1.0	0.0	0.0	0.0	0.0
221	chr14:90906852:+_chr14:91096650:-	0.5938	2.0	53.0	138	191.0	0.2774869109947644	2.0	1.0	3.0	1.0	0.0	0.0	0.0	0.0	53.0	141	194.0	0.27319587628865977	2.0	1.0	3.0	1.0	0.0	0.0	0.0	0.0
222	chr14:97385554:-_chr14:97400112:+	0.5938	2.0	87.0	98	185.0	0.4702702702702703	2.0	1.0	3.0	1.0	0.0	0.0	0.0	0.0	87.0	115	202.0	0.4306930693069307	2.0	1.0	3.0	1.0	0.0	0.0	0.0	0.0
223	chr14:103182632:-_chr14:103344211:+	0.5938	2.0	46.0	115	161.0	0.2857142857142857	2.0	2.0	4.0	1.0	0.0	0.0	0.0	0.0	46.0	108	154.0	0.2987012987012987	2.0	1.0	3.0	1.0	0.0	0.0	0.0	0.0
224	chr15:22630594:+_chr15:22915359:-	0.5938	2.0	27.0	92	119.0	0.226890756302521	2.0	1.0	3.0	1.0	0.0	0.0	0.0	0.0	27.0	86	113.0	0.23893805309734514	2.0	1.0	3.0	1.0	0.0	0.0	0.0	0.0
225	chr15:44337098:+_chr15:44389271:-	0.5938	2.0	46.0	105	151.0	0.304635761589404	2.0	1.0	3.0	1.0	0.0	0.0	0.0	0.0	46.0	100	146.0	0.3150684931506849	2.0	1.0	3.0	1.0	0.0	0.0	0.0	0.0
226	chr15:57009650:+_chr15:57018080:-	0.5938	2.0	30.0	66	96.0	0.3125	2.0	1.0	3.0	1.0	0.0	0.0	0.0	0.0	30.0	70	100.0	0.3	1.0	1.0	2.0	1.0	0.0	0.0	0.0	0.0
227	chr15:58634325:-_chr15:58646515:+	0.5938	2.0	19.0	95	114.0	0.16666666666666666	1.0	1.0	2.0	1.0	0.0	0.0	0.0	0.0	19.0	83	102.0	0.18627450980392157	1.0	1.0	2.0	1.0	0.0	0.0	0.0	0.0
228	chr15:58745119:+_chr15:58758830:-	0.5938	2.0	42.0	84	126.0	0.3333333333333333	1.0	1.0	2.0	1.0	0.0	0.0	0.0	0.0	42.0	75	117.0	0.358974358974359	1.0	1.0	2.0	1.0	0.0	0.0	0.0	0.0
229	chr15:98891721:+_chr15:99119237:-	0.5938	2.0	42.0	79	121.0	0.34710743801652894	1.0	1.0	2.0	1.0	0.0	0.0	0.0	0.0	42.0	90	132.0	0.3181818181818182	1.0	1.0	2.0	1.0	0.0	0.0	0.0	0.0
230	chr16:8812079:+_chr16:8837122:-	0.5938	2.0	40.0	67	107.0	0.37383177570093457	2.0	0.0	2.0	1.0	0.0	0.0	0.0	0.0	40.0	75	115.0	0.34782608695652173	2.0	0.0	2.0	1.0	0.0	0.0	0.0	0.0
231	chr16:8863409:+_chr16:8920182:-	0.5938	2.0	23.0	95	118.0	0.19491525423728814	2.0	0.0	2.0	1.0	0.0	0.0	0.0	0.0	23.0	82	105.0	0.21904761904761905	2.0	0.0	2.0	1.0	0.0	0.0	0.0	0.0
232	chr16:15479472:-_chr16:25890558:-	0.5938	2.0	161.0	87	248.0	0.6491935483870968	2.0	0.0	2.0	1.0	0.0	0.0	0.0	0.0	161.0	105	266.0	0.6052631578947368	4.0	2.0	6.0	1.0	0.0	0.0	0.0	0.0
233	chr16:30449480:+_chr16:30611142:-	0.5938	2.0	35.0	126	161.0	0.21739130434782608	2.0	2.0	4.0	1.0	0.0	0.0	0.0	0.0	35.0	137	172.0	0.20348837209302326	2.0	2.0	4.0	1.0	0.0	0.0	0.0	0.0
234	chr16:51637883:+_chr16:51641189:-	0.5938	2.0	60.0	147	207.0	0.2898550724637681	3.0	2.0	5.0	1.0	0.0	0.0	0.0	0.0	60.0	154	214.0	0.2803738317757009	3.0	2.0	5.0	1.0	0.0	0.0	0.0	0.0
235	chr16:52312644:+_chr16:52498481:-	0.5938	2.0	43.0	136	179.0	0.24022346368715083	3.0	2.0	5.0	1.0	0.0	0.0	0.0	0.0	43.0	138	181.0	0.23756906077348067	3.0	2.0	5.0	1.0	0.0	0.0	0.0	0.0
236	chr16:69327141:+_chr16:69617046:-	0.5938	2.0	76.0	77	153.0	0.49673202614379086	3.0	2.0	5.0	1.0	0.0	0.0	0.0	0.0	76.0	98	174.0	0.4367816091954023	3.0	2.0	5.0	1.0	0.0	0.0	0.0	0.0
237	chr16:74318666:+_chr16:74401809:-	0.5938	2.0	90.0	104	194.0	0.4639175257731959	3.0	3.0	6.0	1.0	0.0	0.0	0.0	0.0	90.0	195	285.0	0.3157894736842105	3.0	2.0	5.0	1.0	0.0	0.0	0.0	0.0
238	chr16:89361924:+_chr16:89408121:-	0.5938	2.0	39.0	182	221.0	0.17647058823529413	3.0	2.0	5.0	1.0	0.0	0.0	0.0	0.0	39.0	100	139.0	0.2805755395683453	3.0	2.0	5.0	1.0	0.0	0.0	0.0	0.0
239	chr16:89369345:+_chr16:89416304:-	0.5938	2.0	57.0	148	205.0	0.2780487804878049	3.0	2.0	5.0	1.0	0.0	0.0	0.0	0.0	57.0	131	188.0	0.30319148936170215	3.0	2.0	5.0	1.0	0.0	0.0	0.0	0.0
240	chr17:1386823:+_chr17:1413708:-	0.5938	2.0	32.0	72	104.0	0.3076923076923077	2.0	0.0	2.0	1.0	0.0	0.0	0.0	0.0	32.0	70	102.0	0.3137254901960784	2.0	0.0	2.0	1.0	0.0	0.0	0.0	0.0
242	chr17:27892998:+_chr17:28032470:-	0.5938	2.0	59.0	449	508.0	0.11614173228346457	6.0	2.0	8.0	1.0	0.0	0.0	0.0	0.0	59.0	442	501.0	0.11776447105788423	6.0	2.0	8.0	1.0	0.0	0.0	0.0	0.0
243	chr17:28148091:+_chr17:28149802:+	0.5938	2.0	26.0	390	416.0	0.0625	6.0	2.0	8.0	1.0	0.0	0.0	0.0	0.0	26.0	373	399.0	0.06516290726817042	6.0	2.0	8.0	1.0	0.0	0.0	0.0	0.0
244	chr17:28176474:-_chr17:28179472:-	0.5938	2.0	86.0	357	443.0	0.19413092550790068	6.0	2.0	8.0	1.0	0.0	0.0	0.0	0.0	86.0	363	449.0	0.1915367483296214	6.0	2.0	8.0	1.0	0.0	0.0	0.0	0.0
250	chr17:29174141:-_chr17:29175992:-	0.5938	2.0	41.0	236	277.0	0.148014440433213	6.0	2.0	8.0	1.0	0.0	0.0	0.0	0.0	41.0	317	358.0	0.11452513966480447	6.0	0.0	6.0	1.0	0.0	0.0	0.0	0.0
251	chr17:32312030:+_chr17:32924371:-	0.5938	2.0	80.0	189	269.0	0.29739776951672864	6.0	0.0	6.0	1.0	0.0	0.0	0.0	0.0	80.0	135	215.0	0.37209302325581395	6.0	0.0	6.0	1.0	0.0	0.0	0.0	0.0
253	chr17:35766764:+_chr17:41026896:-	0.5938	2.0	103.0	41	144.0	0.7152777777777778	2.0	0.0	2.0	1.0	0.0	0.0	0.0	0.0	103.0	115	218.0	0.4724770642201835	4.0	0.0	4.0	1.0	0.0	0.0	0.0	0.0
255	chr17:42751632:-_chr17:76604599:+	0.5938	2.0	102.0	83	185.0	0.5513513513513514	1.0	0.0	1.0	1.0	0.0	0.0	0.0	0.0	102.0	94	196.0	0.5204081632653061	2.0	1.0	3.0	1.0	0.0	0.0	0.0	0.0
256	chr17:47119822:-_chr17:58245571:+	0.5938	2.0	42.0	57	99.0	0.42424242424242425	2.0	0.0	2.0	1.0	0.0	0.0	0.0	0.0	42.0	83	125.0	0.336	2.0	0.0	2.0	1.0	0.0	0.0	0.0	0.0
257	chr17:57746909:-_chr17:77114710:-	0.5938	2.0	37.0	114	151.0	0.24503311258278146	2.0	0.0	2.0	1.0	0.0	0.0	0.0	0.0	37.0	107	144.0	0.2569444444444444	3.0	2.0	5.0	1.0	0.0	0.0	0.0	0.0
259	chr17:64399384:-_chr17:64687339:-	0.5938	2.0	43.0	133	176.0	0.24431818181818182	2.0	1.0	3.0	1.0	0.0	0.0	0.0	0.0	43.0	118	161.0	0.2670807453416149	2.0	1.0	3.0	1.0	0.0	0.0	0.0	0.0
334	chr17:64862602:+_chr19:29734230:-	0.5938	2.0	36.0	95	131.0	0.2748091603053435	2.0	1.0	3.0	1.0	0.0	0.0	0.0	0.0	36.0	272	308.0	0.11688311688311688	6.0	2.0	8.0	1.0	0.0	0.0	0.0	0.0
260	chr17:66143642:+_chr17:67164771:-	0.5938	2.0	190.0	94	284.0	0.6690140845070423	5.0	2.0	7.0	1.0	0.0	0.0	0.0	0.0	190.0	114	304.0	0.625	5.0	2.0	7.0	1.0	0.0	0.0	0.0	0.0
261	chr17:68061830:+_chr17:68083713:+	0.5938	2.0	95.0	141	236.0	0.4025423728813559	3.0	2.0	5.0	1.0	0.0	0.0	0.0	0.0	95.0	266	361.0	0.2631578947368421	2.0	1.0	3.0	1.0	0.0	0.0	0.0	0.0
262	chr17:68080332:-_chr17:68082390:-	0.5938	2.0	90.0	152	242.0	0.371900826446281	3.0	2.0	5.0	1.0	0.0	0.0	0.0	0.0	90.0	216	306.0	0.29411764705882354	2.0	1.0	3.0	1.0	0.0	0.0	0.0	0.0
263	chr17:68087092:-_chr17:68096135:-	0.5938	2.0	117.0	167	284.0	0.4119718309859155	3.0	2.0	5.0	1.0	0.0	0.0	0.0	0.0	117.0	181	298.0	0.3926174496644295	2.0	1.0	3.0	1.0	0.0	0.0	0.0	0.0
336	chr17:68101708:+_chr19:28450974:-	0.5938	2.0	118.0	139	257.0	0.4591439688715953	3.0	2.0	5.0	1.0	0.0	0.0	0.0	0.0	118.0	78	196.0	0.6020408163265306	6.0	2.0	8.0	1.0	0.0	0.0	0.0	0.0
264	chr17:72440328:+_chr17:72546478:-	0.5938	2.0	56.0	125	181.0	0.30939226519337015	3.0	2.0	5.0	1.0	0.0	0.0	0.0	0.0	56.0	161	217.0	0.25806451612903225	3.0	2.0	5.0	1.0	0.0	0.0	0.0	0.0
265	chr17:72449917:+_chr17:72506012:-	0.5938	2.0	91.0	69	160.0	0.56875	3.0	2.0	5.0	1.0	0.0	0.0	0.0	0.0	91.0	36	127.0	0.7165354330708661	3.0	2.0	5.0	1.0	0.0	0.0	0.0	0.0
266	chr17:72462685:+_chr17:72493545:-	0.5938	2.0	37.0	50	87.0	0.42528735632183906	3.0	2.0	5.0	1.0	0.0	0.0	0.0	0.0	37.0	40	77.0	0.4805194805194805	3.0	2.0	5.0	1.0	0.0	0.0	0.0	0.0
267	chr17:72495501:+_chr17:72518626:-	0.5938	2.0	40.0	52	92.0	0.43478260869565216	3.0	2.0	5.0	1.0	0.0	0.0	0.0	0.0	40.0	122	162.0	0.24691358024691357	3.0	2.0	5.0	1.0	0.0	0.0	0.0	0.0
268	chr17:72522081:+_chr17:72552557:-	0.5938	2.0	66.0	104	170.0	0.38823529411764707	3.0	2.0	5.0	1.0	0.0	0.0	0.0	0.0	66.0	153	219.0	0.3013698630136986	3.0	2.0	5.0	1.0	0.0	0.0	0.0	0.0
269	chr17:72533938:+_chr17:72694128:-	0.5938	2.0	59.0	71	130.0	0.45384615384615384	3.0	2.0	5.0	1.0	0.0	0.0	0.0	0.0	59.0	321	380.0	0.15526315789473685	5.0	2.0	7.0	1.0	0.0	0.0	0.0	0.0
337	chr17:72537683:-_chr19:38725774:-	0.5938	2.0	137.0	66	203.0	0.6748768472906403	3.0	2.0	5.0	1.0	0.0	0.0	0.0	0.0	137.0	369	506.0	0.2707509881422925	7.0	2.0	9.0	1.0	0.0	0.0	0.0	0.0
270	chr17:72675346:-_chr17:76646951:+	0.5938	2.0	37.0	183	220.0	0.16818181818181818	3.0	2.0	5.0	1.0	0.0	0.0	0.0	0.0	37.0	122	159.0	0.23270440251572327	2.0	1.0	3.0	1.0	0.0	0.0	0.0	0.0
271	chr17:75764932:+_chr17:78195048:-	0.5938	2.0	30.0	229	259.0	0.11583011583011583	3.0	2.0	5.0	1.0	0.0	0.0	0.0	0.0	30.0	147	177.0	0.1694915254237288	3.0	2.0	5.0	1.0	0.0	0.0	0.0	0.0
272	chr17:76535956:-_chr17:76604805:+	0.5938	2.0	63.0	154	217.0	0.2903225806451613	3.0	2.0	5.0	1.0	0.0	0.0	0.0	0.0	63.0	100	163.0	0.38650306748466257	2.0	1.0	3.0	1.0	0.0	0.0	0.0	0.0
273	chr17:82443766:+_chr17:82527182:-	0.5938	2.0	50.0	78	128.0	0.390625	2.0	0.0	2.0	1.0	0.0	0.0	0.0	0.0	50.0	41	91.0	0.5494505494505495	2.0	0.0	2.0	1.0	0.0	0.0	0.0	0.0
274	chr18:1663261:+_chr18:1782217:-	0.5938	2.0	33.0	119	152.0	0.21710526315789475	3.0	1.0	4.0	1.0	0.0	0.0	0.0	0.0	33.0	125	158.0	0.2088607594936709	2.0	1.0	3.0	1.0	0.0	0.0	0.0	0.0
275	chr18:80007599:+_chr18:80097645:-	0.5938	2.0	27.0	77	104.0	0.25961538461538464	1.0	1.0	2.0	1.0	0.0	0.0	0.0	0.0	27.0	73	100.0	0.27	1.0	1.0	2.0	1.0	0.0	0.0	0.0	0.0
276	chr19:5181306:+_chr19:5182734:-	0.5938	2.0	34.0	42	76.0	0.4473684210526316	2.0	0.0	2.0	1.0	0.0	0.0	0.0	0.0	34.0	104	138.0	0.2463768115942029	3.0	0.0	3.0	1.0	0.0	0.0	0.0	0.0
277	chr19:9437219:+_chr19:9583957:-	0.5938	2.0	40.0	111	151.0	0.26490066225165565	3.0	0.0	3.0	1.0	0.0	0.0	0.0	0.0	40.0	111	151.0	0.26490066225165565	3.0	0.0	3.0	1.0	0.0	0.0	0.0	0.0
278	chr19:12265020:+_chr19:12314218:-	0.5938	2.0	51.0	57	108.0	0.4722222222222222	3.0	0.0	3.0	1.0	0.0	0.0	0.0	0.0	51.0	41	92.0	0.5543478260869565	3.0	0.0	3.0	1.0	0.0	0.0	0.0	0.0
279	chr19:12984933:+_chr19:13057759:-	0.5938	2.0	70.0	70	140.0	0.5	3.0	0.0	3.0	1.0	0.0	0.0	0.0	0.0	70.0	74	144.0	0.4861111111111111	3.0	0.0	3.0	1.0	0.0	0.0	0.0	0.0
283	chr19:28696279:-_chr19:29623878:-	0.5938	2.0	31.0	101	132.0	0.23484848484848486	6.0	2.0	8.0	1.0	0.0	0.0	0.0	0.0	31.0	271	302.0	0.10264900662251655	5.0	2.0	7.0	1.0	0.0	0.0	0.0	0.0
284	chr19:28831543:+_chr19:34932396:-	0.5938	2.0	62.0	170	232.0	0.2672413793103448	6.0	2.0	8.0	1.0	0.0	0.0	0.0	0.0	62.0	97	159.0	0.389937106918239	3.0	2.0	5.0	1.0	0.0	0.0	0.0	0.0
286	chr19:29778307:-_chr19:29780175:-	0.5938	2.0	57.0	320	377.0	0.15119363395225463	5.0	2.0	7.0	1.0	0.0	0.0	0.0	0.0	57.0	365	422.0	0.13507109004739337	6.0	2.0	8.0	1.0	0.0	0.0	0.0	0.0
287	chr19:38156039:+_chr19:56793043:+	0.5938	2.0	27.0	344	371.0	0.07277628032345014	7.0	2.0	9.0	1.0	0.0	0.0	0.0	0.0	27.0	91	118.0	0.2288135593220339	1.0	1.0	2.0	1.0	0.0	0.0	0.0	0.0
288	chr19:38220956:+_chr19:39690563:-	0.5938	2.0	37.0	355	392.0	0.09438775510204081	7.0	2.0	9.0	1.0	0.0	0.0	0.0	0.0	37.0	339	376.0	0.09840425531914894	8.0	2.0	10.0	1.0	0.0	0.0	0.0	0.0
290	chr19:52922240:-_chr19:52971080:+	0.5938	2.0	42.0	66	108.0	0.3888888888888889	2.0	0.0	2.0	1.0	0.0	0.0	0.0	0.0	42.0	95	137.0	0.30656934306569344	2.0	0.0	2.0	1.0	0.0	0.0	0.0	0.0
291	chr19:55298804:-_chr19:55504727:+	0.5938	2.0	64.0	123	187.0	0.3422459893048128	2.0	1.0	3.0	1.0	0.0	0.0	0.0	0.0	64.0	133	197.0	0.3248730964467005	2.0	1.0	3.0	1.0	0.0	0.0	0.0	0.0
292	chr19:57667213:+_chr19:57854075:-	0.5938	2.0	37.0	99	136.0	0.27205882352941174	1.0	1.0	2.0	1.0	0.0	0.0	0.0	0.0	37.0	63	100.0	0.37	1.0	1.0	2.0	1.0	0.0	0.0	0.0	0.0
293	chr20:14009494:-_chr20:14017721:+	0.5938	2.0	32.0	108	140.0	0.22857142857142856	2.0	1.0	3.0	1.0	0.0	0.0	0.0	0.0	32.0	95	127.0	0.25196850393700787	2.0	1.0	3.0	1.0	0.0	0.0	0.0	0.0
294	chr20:14747626:+_chr20:15035760:-	0.5938	2.0	38.0	117	155.0	0.24516129032258063	2.0	1.0	3.0	1.0	0.0	0.0	0.0	0.0	38.0	101	139.0	0.2733812949640288	2.0	1.0	3.0	1.0	0.0	0.0	0.0	0.0
296	chr21:39215423:+_chr21:39235196:+	0.5938	2.0	51.0	177	228.0	0.2236842105263158	1.0	1.0	2.0	1.0	0.0	0.0	0.0	0.0	51.0	134	185.0	0.2756756756756757	1.0	1.0	2.0	1.0	0.0	0.0	0.0	0.0
297	chr21:39215677:+_chr21:39235386:+	0.5938	2.0	18.0	166	184.0	0.09782608695652174	1.0	1.0	2.0	1.0	0.0	0.0	0.0	0.0	18.0	115	133.0	0.13533834586466165	1.0	1.0	2.0	1.0	0.0	0.0	0.0	0.0
298	chr22:22048500:-_chr22:23189275:+	0.5938	2.0	127.0	97	224.0	0.5669642857142857	3.0	2.0	5.0	1.0	0.0	0.0	0.0	0.0	127.0	139	266.0	0.4774436090225564	2.0	2.0	4.0	1.0	0.0	0.0	0.0	0.0
299	chr22:22374963:+_chr22:22426815:-	0.5938	2.0	108.0	171	279.0	0.3870967741935484	4.0	2.0	6.0	1.0	0.0	0.0	0.0	0.0	108.0	259	367.0	0.29427792915531337	4.0	2.0	6.0	1.0	0.0	0.0	0.0	0.0
300	chr22:28207311:+_chr22:28247024:-	0.5938	2.0	81.0	113	194.0	0.4175257731958763	3.0	2.0	5.0	1.0	0.0	0.0	0.0	0.0	81.0	88	169.0	0.47928994082840237	3.0	2.0	5.0	1.0	0.0	0.0	0.0	0.0
301	chr22:28827249:+_chr22:29071286:-	0.5938	2.0	38.0	148	186.0	0.20430107526881722	3.0	2.0	5.0	1.0	0.0	0.0	0.0	0.0	38.0	100	138.0	0.2753623188405797	3.0	2.0	5.0	1.0	0.0	0.0	0.0	0.0
302	chr22:35889270:+_chr22:36055476:-	0.5938	2.0	84.0	41	125.0	0.672	2.0	0.0	2.0	1.0	0.0	0.0	0.0	0.0	84.0	21	105.0	0.8	2.0	0.0	2.0	1.0	0.0	0.0	0.0	0.0
303	chr22:37600111:+_chr22:37964067:-	0.5938	2.0	33.0	32	65.0	0.5076923076923077	2.0	0.0	2.0	1.0	0.0	0.0	0.0	0.0	33.0	81	114.0	0.2894736842105263	2.0	0.0	2.0	1.0	0.0	0.0	0.0	0.0
304	chr22:38550840:+_chr22:38633563:-	0.5938	2.0	31.0	40	71.0	0.43661971830985913	2.0	0.0	2.0	1.0	0.0	0.0	0.0	0.0	31.0	85	116.0	0.2672413793103448	2.0	0.0	2.0	1.0	0.0	0.0	0.0	0.0
