ID	chr1	pos1	dir1	chr2	pos2	dir2	classification	split_norm1	norm_olap_bp1	span_norm1	win_norm1	split1	sc_bases1	total_reads1	split_norm2	norm_olap_bp2	span_norm2	win_norm2	split2	sc_bases2	total_reads2	anomalous	spanning	norm1	norm2	support	vaf1	vaf2	original_ID	original_pos1	original_pos2
1	chr1	15850663	+	chr1	15899038	-	DEL	44	2315	30	674	22	1736	1207	57	2297	31	602	25	1676	1350	606	56	74	88	103	0.5819209039548022	0.5392670157068062	False	15850663	15899038
2	chr1	15904254	+	chr1	15905564	-	DEL	36	1662	25	576	20	878	1160	34	1484	26	516	29	1254	1100	570	37	61	60	86	0.5850340136054422	0.589041095890411	False	15904254	15905564
3	chr1	21061861	+	chr1	21078409	-	DEL	57	2758	39	682	1	48	1215	59	2668	53	870	9	410	1384	506	20	96	112	30	0.23809523809523808	0.2112676056338028	False	21061858	21078408
4	chr1	27432275	+	chr1	27585874	-	DEL	43	2100	44	700	14	852	1306	70	3331	54	858	11	677	1490	620	25	87	124	50	0.36496350364963503	0.28735632183908044	False	27432275	27585880
5	chr1	35183852	+	chr1	35184826	-	DEL	45	2030	49	686	12	672	1191	38	1987	32	584	17	544	1115	480	29	94	70	58	0.3815789473684211	0.453125	False	35183852	35184826
49	chr1	41268250	+	chr3	1596856	-	INTRX	74	3244	79	1062	11	649	1714	229	9818	206	3330	13	582	5230	1434	15	153	435	39	0.203125	0.08227848101265822	False	41268250	1596856
6	chr1	55156351	+	chr1	55158510	-	DEL	44	2028	20	562	14	854	1009	48	2022	37	614	17	963	1136	466	22	64	85	53	0.452991452991453	0.38405797101449274	False	55156351	55158510
7	chr1	58449697	-	chr1	58660435	+	DUP	92	4150	67	1120	10	578	1839	52	2241	53	916	10	672	1462	668	23	159	105	43	0.21287128712871287	0.2905405405405405	False	58449697	58660435
8	chr1	69556163	+	chr1	102270705	+	INV	37	1823	33	632	4	248	1005	33	1491	33	638	7	365	1081	432	8	70	66	19	0.21348314606741572	0.2235294117647059	False	69556160	102270702
9	chr1	77728686	+	chr1	77941196	-	DEL	20	923	19	296	8	486	545	37	1531	27	488	8	562	855	282	16	39	64	32	0.4507042253521127	0.3333333333333333	False	77728686	77941196
10	chr1	78011597	+	chr1	78015272	-	DEL	54	2508	27	470	0	0	860	48	2236	27	538	12	477	1012	418	19	81	75	31	0.2767857142857143	0.29245283018867924	False	78011476	78015271
77	chr1	80132344	-	chrX	136906733	-	INTRX	42	1835	40	618	15	956	1160	35	1614	23	350	15	823	639	388	8	82	58	38	0.31666666666666665	0.3958333333333333	False	80132344	136906733
78	chr1	81379165	+	chrX	136561804	-	INTRX	45	2103	50	806	0	0	1436	25	1135	16	308	22	1457	639	444	24	95	41	46	0.3262411347517731	0.5287356321839081	False	81379165	136561803
53	chr1	84049325	+	chr5	30926791	-	INTRX	53	2201	60	718	12	631	1087	46	2060	37	790	15	1018	1329	530	7	113	83	34	0.23129251700680273	0.2905982905982906	False	84049325	30926791
48	chr1	84051867	+	chr2	6618867	-	INTRX	50	1910	47	416	8	331	1144	45	1809	52	800	10	550	1322	536	0	97	97	18	0.1565217391304348	0.1565217391304348	False	84051867	6618867
50	chr1	102259973	-	chr4	147975379	+	INTRX	54	2217	31	710	11	622	1189	62	3159	47	868	16	689	1351	540	9	85	109	36	0.2975206611570248	0.2482758620689655	False	102259973	147975379
79	chr1	102270697	-	chrX	136570390	+	INTRX	33	1542	35	640	15	1173	1077	27	1143	24	420	18	1046	781	396	13	68	51	46	0.40350877192982454	0.4742268041237113	False	102270697	136570390
80	chr1	104860788	+	chrX	136311152	-	INTRX	60	2145	52	782	0	0	1353	21	673	20	346	21	1377	627	428	14	112	41	35	0.23809523809523808	0.4605263157894737	False	104860788	136311151
11	chr1	107586198	+	chr1	107588586	-	DEL	27	1207	30	476	11	745	828	42	1700	35	610	13	704	1002	390	21	57	77	45	0.4411764705882353	0.36885245901639346	False	107586198	107588586
12	chr1	122912786	+	chr1	193786063	+	INV;HIDEP	0	0	0	0	0	0	0	0	0	0	0	0	0	0	0	0	0	0	0	0.0	0.0	False	122912786	193786063
13	chr1	123348814	-	chr1	123853761	+	DUP	6	255	3	238	0	0	3110	9	503	42	202	0	0	1570	2112	13	9	51	13	0.5909090909090909	0.203125	False	123348814	123853761
14	chr1	151094135	-	chr1	186235167	+	DUP	60	3117	56	738	10	690	1627	140	5626	139	2074	13	865	3356	1032	24	116	279	47	0.2883435582822086	0.1441717791411043	False	151094135	186235167
15	chr1	151748466	-	chr1	152514036	+	DUP	104	3995	88	1270	3	139	2127	98	4053	82	1228	1	57	2083	916	22	192	180	26	0.11926605504587157	0.1262135922330097	False	151748466	152514036
16	chr1	151881621	-	chr1	152850410	+	DUP	110	4931	81	1364	7	531	2211	87	3855	77	1324	7	328	2178	852	19	191	164	33	0.14732142857142858	0.16751269035532995	False	151881621	152850410
62	chr1	151886352	+	chr17	41729008	+	INTRX	92	3923	67	1310	1	20	2239	50	2318	53	792	0	0	1622	912	19	159	103	20	0.11173184357541899	0.16260162601626016	False	151886216	41729008
17	chr1	151946006	-	chr1	152056098	+	DUP	98	4351	79	1548	26	1400	2637	104	4585	61	1518	23	1643	2618	1060	75	177	165	124	0.4119601328903654	0.4290657439446367	False	151946006	152056098
68	chr1	152650031	-	chr19	29043854	+	INTRX	106	4842	92	1288	27	2068	2054	209	9181	211	2970	31	1895	4732	1398	21	198	420	79	0.2851985559566787	0.15831663326653306	False	152650031	29043854
58	chr1	163095572	+	chr13	62019216	-	INTRX	62	2330	51	928	9	603	1594	21	934	15	270	10	656	600	490	8	113	36	27	0.19285714285714287	0.42857142857142855	False	163095572	62019216
57	chr1	179007279	+	chr8	43878144	+	INTRX	65	3078	54	850	19	1251	1358	86	3450	51	932	22	1757	1525	564	17	119	137	58	0.327683615819209	0.29743589743589743	False	179007279	43878144
63	chr1	181338521	-	chr17	67375427	+	INTRX	60	2548	52	780	32	2125	1337	73	3482	21	1330	38	2155	2458	840	33	112	94	103	0.4790697674418605	0.5228426395939086	False	181338521	67375427
64	chr1	182450747	-	chr17	34634791	+	INTRX	96	4610	78	1102	24	1431	2140	108	4857	105	1414	0	0	2218	976	27	174	213	51	0.22666666666666666	0.19318181818181818	False	182450746	34634791
69	chr1	184093547	-	chr19	27778494	+	INTRX	98	4072	87	1538	45	3080	2522	79	3297	48	1010	42	2632	1730	828	14	185	127	101	0.3531468531468531	0.44298245614035087	False	184093547	27778494
18	chr1	184123442	-	chr1	185791120	+	DUP;HIDEP	0	0	0	0	0	0	0	0	0	0	0	0	0	0	0	0	0	0	0	0.0	0.0	False	184123442	185791112
54	chr1	184152675	-	chr7	111182784	-	INTRX;HIDEP	0	0	0	0	0	0	0	0	0	0	0	0	0	0	0	0	0	0	0	0.0	0.0	False	184152675	111182784
19	chr1	184177290	+	chr1	184702932	-	DEL;HIDEP	0	0	0	0	0	0	0	0	0	0	0	0	0	0	0	0	0	0	0	0.0	0.0	False	184177290	184702932
20	chr1	184304040	+	chr1	185512257	-	DEL;HIDEP	0	0	0	0	0	0	0	0	0	0	0	0	0	0	0	0	0	0	0	0.0	0.0	False	184304040	185512257
55	chr1	184347174	+	chr7	135280462	-	INTRX;HIDEP	0	0	0	0	0	0	0	0	0	0	0	0	0	0	0	0	0	0	0	0.0	0.0	False	184347174	135280462
70	chr1	184368943	+	chr19	39285896	+	INTRX;HIDEP	0	0	0	0	0	0	0	0	0	0	0	0	0	0	0	0	0	0	0	0.0	0.0	False	184368822	39285898
21	chr1	184374501	+	chr1	184403035	+	INV;HIDEP	0	0	0	0	0	0	0	0	0	0	0	0	0	0	0	0	0	0	0	0.0	0.0	False	184374379	184403034
22	chr1	184422867	-	chr1	247236937	-	INV;HIDEP	0	0	0	0	0	0	0	0	0	0	0	0	0	0	0	0	0	0	0	0.0	0.0	False	184422867	247236937
71	chr1	184567367	-	chr19	37981819	-	INTRX;HIDEP	0	0	0	0	0	0	0	0	0	0	0	0	0	0	0	0	0	0	0	0.0	0.0	False	184567367	37981819
23	chr1	184877180	-	chr1	185698968	+	DUP;HIDEP	0	0	0	0	0	0	0	0	0	0	0	0	0	0	0	0	0	0	0	0.0	0.0	False	184877180	185698968
59	chr1	184905760	-	chr13	19475979	+	INTRX;HIDEP	0	0	0	0	0	0	0	0	0	0	0	0	0	0	0	0	0	0	0	0.0	0.0	False	184905757	19475979
60	chr1	184965364	-	chr13	18917881	+	INTRX;HIDEP	0	0	0	0	0	0	0	0	0	0	0	0	0	0	0	0	0	0	0	0.0	0.0	False	184965364	18917881
24	chr1	185333120	-	chr1	190254587	+	DUP;HIDEP	0	0	0	0	0	0	0	0	0	0	0	0	0	0	0	0	0	0	0	0.0	0.0	False	185333120	190254587
25	chr1	185335535	+	chr1	185343860	-	DEL;HIDEP	0	0	0	0	0	0	0	0	0	0	0	0	0	0	0	0	0	0	0	0.0	0.0	False	185335535	185343860
26	chr1	185459782	-	chr1	190254196	-	INV;HIDEP	0	0	0	0	0	0	0	0	0	0	0	0	0	0	0	0	0	0	0	0.0	0.0	False	185459781	190254196
27	chr1	185464682	+	chr1	185472635	-	DEL;HIDEP	0	0	0	0	0	0	0	0	0	0	0	0	0	0	0	0	0	0	0	0.0	0.0	False	185464682	185472635
28	chr1	185518410	+	chr1	185542259	-	DEL;HIDEP	0	0	0	0	0	0	0	0	0	0	0	0	0	0	0	0	0	0	0	0.0	0.0	False	185518410	185542259
29	chr1	185577018	-	chr1	185895174	-	INV;HIDEP	0	0	0	0	0	0	0	0	0	0	0	0	0	0	0	0	0	0	0	0.0	0.0	False	185577018	185895174
30	chr1	185596933	-	chr1	185826523	-	INV;HIDEP	0	0	0	0	0	0	0	0	0	0	0	0	0	0	0	0	0	0	0	0.0	0.0	False	185596933	185826523
31	chr1	185604371	+	chr1	185607444	+	INV;HIDEP	0	0	0	0	0	0	0	0	0	0	0	0	0	0	0	0	0	0	0	0.0	0.0	False	185604241	185607311
32	chr1	185617776	+	chr1	190393717	+	INV;HIDEP	0	0	0	0	0	0	0	0	0	0	0	0	0	0	0	0	0	0	0	0.0	0.0	False	185617776	190393717
65	chr1	185788318	-	chr18	26179398	-	INTRX;HIDEP	0	0	0	0	0	0	0	0	0	0	0	0	0	0	0	0	0	0	0	0.0	0.0	False	185788318	26179398
33	chr1	185839636	-	chr1	185879855	-	INV;HIDEP	0	0	0	0	0	0	0	0	0	0	0	0	0	0	0	0	0	0	0	0.0	0.0	False	185839636	185879855
75	chr1	185880398	+	chr21	39166241	-	INTRX;HIDEP	0	0	0	0	0	0	0	0	0	0	0	0	0	0	0	0	0	0	0	0.0	0.0	False	185880265	39166239
34	chr1	186121827	-	chr1	186233796	-	INV	141	6203	114	1750	9	499	2771	155	6610	99	1956	9	635	3074	1144	17	255	254	35	0.1206896551724138	0.12110726643598616	False	186121827	186233806
35	chr1	186230228	+	chr1	186235579	-	DEL	149	6533	144	1970	9	675	3093	142	5993	119	2166	14	737	3535	1322	14	293	261	37	0.11212121212121212	0.12416107382550336	False	186230228	186235579
66	chr1	186255650	+	chr18	25736425	-	INTRX	74	3285	83	1292	85	5381	2203	72	2775	73	1416	80	5731	2370	836	31	157	145	196	0.5552407932011332	0.5747800586510264	False	186255650	25736425
72	chr1	187653967	+	chr19	30716046	-	INTRX	46	2173	40	678	31	1738	1158	247	9702	260	3324	34	2649	5432	1352	40	86	507	105	0.5497382198952879	0.1715686274509804	False	187653961	30716046
36	chr1	189132744	-	chr1	189224782	-	INV	63	2353	56	1322	50	2766	2358	58	2434	48	1162	37	2212	2290	1018	137	119	106	224	0.6530612244897959	0.6787878787878788	False	189132744	189224782
37	chr1	189148304	+	chr1	189282131	-	DEL	27	1139	30	740	43	2044	1454	90	3738	105	1776	36	2801	3096	972	62	57	195	141	0.7121212121212122	0.41964285714285715	False	189148304	189282131
67	chr1	189290884	+	chr18	26314565	+	INTRX	107	4351	131	2088	115	7675	3429	74	3168	39	1360	122	8015	2446	1048	44	238	113	281	0.5414258188824663	0.7131979695431472	False	189290884	26314565
38	chr1	189461742	+	chr1	193128466	-	DEL	45	1895	37	1040	0	0	1878	40	1828	67	1194	41	2614	2291	914	129	82	107	170	0.6746031746031746	0.6137184115523465	False	189461742	193128463
39	chr1	190084819	-	chr1	190118926	-	INV	63	2642	38	952	46	2614	1906	47	2139	47	1016	40	3089	1969	898	113	101	94	199	0.6633333333333333	0.6791808873720137	False	190084819	190118926
40	chr1	190099280	+	chr1	195241621	-	DEL	55	2271	38	1128	52	3340	1973	94	4269	83	1712	46	3459	2973	1108	60	93	177	158	0.6294820717131474	0.4716417910447761	False	190099280	195241621
76	chr1	193809185	-	chr21	13020360	-	INTRX	166	6878	171	2010	21	1398	3110	68	3175	85	1176	3	102	2195	1100	17	337	153	41	0.10846560846560846	0.211340206185567	False	193809184	13020365
61	chr1	196705039	-	chr13	111458682	+	INTRX	172	7866	177	2534	22	1663	3975	51	2398	58	866	23	1344	1402	1134	12	349	109	57	0.14039408866995073	0.3433734939759036	False	196705039	111458682
41	chr1	196716233	+	chr1	196719808	+	INV	128	5384	106	1846	11	565	3024	123	5142	100	1444	1	45	2300	1130	17	234	223	29	0.11026615969581749	0.11507936507936507	False	196716229	196719802
51	chr1	197702638	+	chr4	152690776	+	INTRX	83	3856	64	1234	0	0	2176	67	3001	40	858	0	0	1612	892	57	147	107	57	0.27941176470588236	0.3475609756097561	False	197702638	152690776
52	chr1	198277176	-	chr4	107573763	+	INTRX	78	3566	64	1076	30	1747	1638	54	2335	47	790	30	2043	1367	528	28	142	101	88	0.3826086956521739	0.4656084656084656	False	198277176	107573763
73	chr1	201444843	+	chr19	30624093	-	INTRX	56	2311	45	1222	90	5166	2174	198	8300	176	2836	83	5615	4730	1408	58	101	374	231	0.6957831325301205	0.38181818181818183	False	201444843	30624093
42	chr1	202135018	+	chr1	202135392	-	DEL	54	2197	51	734	20	1194	1255	43	1784	31	784	21	1704	1258	400	0	105	74	41	0.2808219178082192	0.3565217391304348	False	202135018	202135392
43	chr1	208097534	+	chr1	208167579	-	DEL	20	832	19	614	35	2339	1228	27	1402	20	636	37	2225	1221	614	93	39	47	165	0.8088235294117647	0.7783018867924528	False	208097534	208167579
44	chr1	220673559	-	chr1	221027917	+	DUP	98	4359	65	1184	13	843	1937	109	4536	79	1268	15	911	2047	798	23	163	188	51	0.2383177570093458	0.21338912133891214	False	220673559	221027917
74	chr1	223890331	-	chr19	30202477	+	INTRX	107	4713	80	1366	11	397	2278	169	7029	144	2458	42	2600	4049	1312	27	187	313	80	0.299625468164794	0.2035623409669211	False	223890331	30202477
45	chr1	228187700	-	chr1	230598581	+	DUP	91	4158	81	1378	3	188	2354	111	4727	86	1402	11	559	2335	994	24	172	197	38	0.18095238095238095	0.16170212765957448	False	228187707	230598581
56	chr1	234028936	-	chr7	61069254	-	INTRX	146	6646	101	1658	20	1448	2554	33	1351	28	562	23	1386	1650	916	3	247	61	46	0.15699658703071673	0.42990654205607476	False	234028936	61069254
46	chr1	235632844	+	chr1	235633408	-	DEL	69	2795	76	1280	25	1487	2233	86	3666	63	1206	32	1890	2181	770	5	145	149	62	0.2995169082125604	0.2938388625592417	False	235632844	235633408
47	chr1	235643644	+	chr1	246263865	-	DEL	105	4929	103	1570	10	559	2439	32	1263	40	696	10	544	1131	750	21	208	72	41	0.1646586345381526	0.36283185840707965	False	235643644	246263865
48	chr1	246731464	+	chr1	246732959	+	INV	80	3374	85	1218	0	0	1981	74	3132	53	960	0	0	1598	684	32	165	127	32	0.16243654822335024	0.20125786163522014	False	246731464	246732959
343	chr2	20172625	+	chr19	37807951	+	INTRX	81	3085	57	1200	0	0	1916	196	8236	195	2600	0	0	4246	1304	28	138	391	28	0.1686746987951807	0.06682577565632458	False	37807951	20172625
49	chr2	20301952	+	chr2	20331704	-	DEL	78	3619	50	796	14	749	1372	55	2256	29	662	12	948	1254	636	15	128	84	41	0.24260355029585798	0.328	False	20301952	20331704
107	chr2	35608151	-	chr22	28669579	+	INTRX	56	2292	34	824	10	707	1352	90	3812	59	956	11	716	1673	648	5	90	149	26	0.22413793103448276	0.14857142857142858	False	35608151	28669579
50	chr2	39170552	+	chr2	39289190	-	DEL	46	2165	41	712	11	867	1418	42	1842	61	866	13	824	1393	562	26	87	103	50	0.36496350364963503	0.32679738562091504	False	39170552	39289190
51	chr2	53537965	+	chr2	53539243	-	DEL	58	2815	13	674	17	1053	1224	58	2446	53	630	16	966	1218	498	27	71	111	60	0.4580152671755725	0.3508771929824561	False	53537965	53539243
52	chr2	53540235	+	chr2	53545557	-	DEL	47	1869	42	724	12	801	1349	63	2826	39	784	13	873	1289	536	11	89	102	36	0.288	0.2608695652173913	False	53540235	53545557
344	chr2	72378837	+	chr19	39373687	-	INTRX	43	1964	46	934	22	1824	1532	230	9606	196	3040	22	1059	5100	1396	19	89	426	63	0.4144736842105263	0.12883435582822086	False	39373687	72378837
53	chr2	72378849	-	chr2	72393722	-	INV	46	2115	49	938	16	1296	1531	32	1327	26	830	17	807	1562	644	20	95	58	53	0.3581081081081081	0.4774774774774775	False	72378849	72393722
54	chr2	72384748	-	chr2	72390031	-	INV	36	1467	34	654	10	700	1107	74	3110	53	932	10	474	1514	538	21	70	127	41	0.36936936936936937	0.24404761904761904	False	72384748	72390031
55	chr2	72431116	+	chr2	219769424	+	INV	92	4426	52	1122	0	0	1729	69	3402	59	896	0	0	1421	592	22	144	128	22	0.13253012048192772	0.14666666666666667	False	72431116	219769424
56	chr2	78774410	+	chr2	152030307	-	DEL	50	2348	49	812	12	1013	1349	57	2324	41	1062	16	851	1734	662	14	99	98	42	0.2978723404255319	0.3	False	78774410	152030307
57	chr2	84674638	+	chr2	85000558	-	DEL	40	1506	31	624	0	0	1054	58	2741	43	636	7	586	1074	454	14	71	101	21	0.22826086956521738	0.1721311475409836	False	84674638	85000557
58	chr2	96184206	-	chr2	191556343	+	DUP	64	2736	63	982	25	1109	1688	74	3248	72	1182	15	894	1856	742	38	127	146	78	0.3804878048780488	0.3482142857142857	False	96184206	191556343
59	chr2	100497362	-	chr2	181187679	+	DUP	46	2173	35	734	4	384	1626	78	3464	79	1032	5	230	1841	952	8	81	157	17	0.17346938775510204	0.09770114942528736	False	100497362	181187679
60	chr2	100513880	+	chr2	181184166	-	DEL	52	2308	60	740	10	809	1265	98	4579	103	1402	9	579	2324	830	3	112	201	22	0.16417910447761194	0.09865470852017937	False	100513880	181184166
61	chr2	100669426	-	chr2	103272216	+	DUP	56	2359	52	826	8	463	1386	54	2576	51	758	0	0	1273	510	18	108	105	26	0.19402985074626866	0.1984732824427481	False	100669425	103272216
62	chr2	100682303	-	chr2	181186795	+	DUP	96	4377	65	1032	5	261	1759	95	3834	65	1266	5	363	2155	896	8	161	160	18	0.1005586592178771	0.10112359550561797	False	100682303	181186795
63	chr2	103271716	+	chr2	103275623	+	INV	56	2374	68	874	6	317	1431	41	1807	46	726	8	376	1142	440	14	124	87	28	0.18421052631578946	0.24347826086956523	False	103271716	103275623
64	chr2	148043325	+	chr2	148166767	-	DEL	71	2973	46	728	7	434	1210	65	2990	33	654	12	640	1037	438	15	117	98	34	0.2251655629139073	0.25757575757575757	False	148043325	148166767
65	chr2	159776059	+	chr2	160374231	-	DEL	29	967	51	810	8	453	1710	96	4055	86	1158	13	692	1920	854	22	80	182	43	0.34959349593495936	0.19111111111111112	False	159776059	160374231
66	chr2	160341097	+	chr2	160348104	-	DEL	35	1723	28	666	16	962	1135	46	2046	26	644	20	1340	1082	434	51	63	72	87	0.58	0.5471698113207547	False	160341097	160348104
67	chr2	181184514	-	chr2	181185192	-	INV	107	4620	117	1412	14	773	2404	61	2373	107	1402	13	1025	2449	828	1	224	168	28	0.1111111111111111	0.14285714285714285	False	181184514	181185192
68	chr2	181187548	-	chr2	182164176	+	DUP	85	3719	72	1036	6	426	1850	106	4596	84	1440	1	121	2530	956	14	157	190	21	0.11797752808988764	0.0995260663507109	False	181187548	182164132
338	chr2	181877255	+	chr18	32218161	+	INTRX	83	3383	79	1124	0	0	1856	61	2730	47	884	0	0	1414	652	22	162	108	22	0.11956521739130435	0.16923076923076924	False	32218161	181877255
69	chr2	182165279	+	chr2	182166351	-	DEL	115	4832	98	1522	6	563	2626	107	4618	95	1512	9	375	2554	902	9	213	202	24	0.10126582278481013	0.10619469026548672	False	182165279	182166351
106	chr2	182311950	-	chr6	35352037	-	INTRX	100	4210	85	1428	17	1155	2375	94	3462	69	1244	18	1056	2304	1006	18	185	163	53	0.22268907563025211	0.24537037037037038	False	182311950	35352037
70	chr2	182324865	+	chr2	182328032	+	INV	129	5188	134	1642	0	0	2818	93	3971	110	1576	0	0	2481	1156	21	263	203	21	0.07394366197183098	0.09375	False	182324865	182328032
71	chr2	185527502	+	chr2	185806882	-	DEL	68	2863	54	934	12	780	1570	71	2954	53	964	14	969	1511	650	18	122	124	44	0.26506024096385544	0.2619047619047619	False	185527502	185806882
72	chr2	197440819	-	chr2	200488820	+	DUP	83	4166	62	938	13	724	1784	64	2797	53	1002	12	800	1629	740	24	145	117	49	0.25257731958762886	0.29518072289156627	False	197440819	200488820
73	chr2	233748060	-	chr2	233907745	+	DUP	55	2475	50	884	16	911	1542	44	1803	38	700	15	741	1404	678	50	105	82	81	0.43548387096774194	0.49693251533742333	False	233748060	233907745
74	chr3	11853	-	chr3	172131	-	INV	38	1586	22	1174	75	4234	2611	183	8365	149	2820	56	3011	4756	1634	177	60	332	308	0.8369565217391305	0.48125	False	11853	172131
75	chr3	270277	-	chr3	6685739	-	INV;HIDEP	0	0	0	0	0	0	0	0	0	0	0	0	0	0	0	0	0	0	0	0.0	0.0	False	270277	6685739
76	chr3	568011	+	chr3	2985210	-	DEL	301	12668	302	4008	26	1576	6145	148	6344	107	1814	27	1491	2929	1742	33	603	255	86	0.12481857764876633	0.25219941348973607	False	568011	2985210
77	chr3	680438	+	chr3	30563610	+	INV	253	11049	255	3122	0	0	4826	49	2371	72	866	0	0	1488	1256	46	508	121	46	0.08303249097472924	0.2754491017964072	False	680379	30563610
297	chr3	702574	+	chr17	34145750	+	INTRX	226	9583	194	3254	0	0	5260	96	4182	83	1364	0	0	2237	1572	46	420	179	46	0.09871244635193133	0.20444444444444446	False	34145750	702574
78	chr3	1903323	-	chr3	11182915	-	INV	289	12577	246	3826	28	1770	5974	140	6487	104	1802	28	1876	3098	1854	41	535	244	97	0.15348101265822786	0.2844574780058651	False	1903323	11182915
79	chr3	2020601	+	chr3	2022007	+	INV	221	8759	222	3246	2	80	5484	100	4869	84	1606	0	0	2944	1734	118	443	184	120	0.21314387211367672	0.39473684210526316	False	2020608	2022007
80	chr3	3810935	+	chr3	6955601	-	DEL	112	5094	98	1306	0	0	2110	130	5886	94	1636	10	924	2775	1106	7	210	224	17	0.07488986784140969	0.07053941908713693	False	3810935	6955600
81	chr3	3835649	+	chr3	3838103	-	DEL	75	3170	58	1064	3	267	1636	72	3102	72	1256	4	191	2032	774	4	133	144	11	0.0763888888888889	0.07096774193548387	False	3835647	3838103
82	chr3	3857673	+	chr3	6955670	+	INV	99	4780	91	1314	8	398	2209	148	6069	86	1614	4	378	2736	1174	15	190	234	27	0.12442396313364056	0.10344827586206896	False	3857670	6955667
345	chr3	6774070	-	chr19	30135027	+	INTRX	107	4665	92	1520	9	658	2465	200	8989	177	2648	14	663	4365	1494	12	199	377	35	0.14957264957264957	0.08495145631067962	False	30135027	6774070
83	chr3	7105684	+	chr3	51992232	+	INV	67	3113	55	1050	0	0	1814	57	2586	70	1032	0	0	1824	778	67	122	127	67	0.3544973544973545	0.34536082474226804	False	7105684	51992232
84	chr3	7301854	-	chr3	46888447	+	DUP	65	2884	61	962	10	678	1631	136	5914	102	1648	9	656	2667	862	25	126	238	44	0.25882352941176473	0.15602836879432624	False	7301854	46888447
137	chr3	7367265	+	chr9	124424383	+	INTRX	46	1863	51	720	0	0	1299	82	3721	56	1006	0	0	1771	730	15	97	138	15	0.13392857142857142	0.09803921568627451	False	7367265	124424383
85	chr3	9049389	+	chr3	9060534	-	DEL	122	5207	85	1438	23	1556	2477	73	3384	53	1414	27	1168	2577	1094	48	207	126	98	0.32131147540983607	0.4375	False	9049389	9060534
86	chr3	11183362	+	chr3	11318837	-	DEL	146	6460	119	1734	20	1289	3016	142	6152	117	1860	22	1394	3291	1380	33	265	259	75	0.22058823529411764	0.2245508982035928	False	11183362	11318837
87	chr3	11308982	+	chr3	11319305	-	DEL	131	5630	140	1754	25	1174	2999	132	5621	122	2154	28	1231	3594	1422	42	271	254	95	0.25956284153005466	0.2722063037249284	False	11308982	11319305
88	chr3	11319315	+	chr3	51855568	+	INV	127	5496	133	2162	0	0	3594	130	5866	98	1692	0	0	2678	1236	35	260	228	35	0.11864406779661017	0.13307984790874525	False	11319319	51855568
89	chr3	12119584	-	chr3	12120583	-	INV	192	8835	123	2180	26	1723	3539	233	9876	208	2946	32	1712	4506	1232	14	315	441	72	0.18604651162790697	0.14035087719298245	False	12119584	12120583
237	chr3	12205007	-	chr10	75587961	-	INTRX	228	9792	186	2730	7	405	4417	87	4042	64	944	9	557	1438	1196	19	414	151	35	0.0779510022271715	0.1881720430107527	False	75587961	12205007
236	chr3	12205727	-	chr10	75468515	-	INTRX	211	9327	148	2764	17	1366	4693	50	2168	43	782	26	1462	1357	1284	9	359	93	52	0.12652068126520682	0.3586206896551724	False	75468515	12205727
90	chr3	12520087	+	chr3	12520828	+	INV	168	7289	174	2262	1	31	4161	87	3388	83	1660	0	0	3025	1324	4	342	170	5	0.01440922190201729	0.02857142857142857	False	12519983	12520828
91	chr3	18476546	-	chr3	20009533	+	DUP	102	4309	84	1366	20	1316	2171	104	4654	51	1212	18	1289	2033	828	45	186	155	83	0.30855018587360594	0.3487394957983193	False	18476546	20009533
373	chr3	27118597	-	chr22	45657493	+	INTRX	53	2237	62	778	33	2003	1335	53	2114	36	818	27	2028	1400	516	19	115	89	79	0.4072164948453608	0.47023809523809523	False	45657493	27118597
92	chr3	37531936	+	chr3	37686204	-	DEL	42	1754	29	642	0	0	1033	81	3744	61	1022	10	620	1795	688	23	71	142	33	0.3173076923076923	0.18857142857142858	False	37531936	37686203
295	chr3	37603216	-	chr17	30631708	+	INTRX	44	1854	29	768	35	2155	1224	102	4355	72	1446	35	2412	2426	716	24	73	174	94	0.562874251497006	0.35074626865671643	False	30631708	37603216
296	chr3	46826530	-	chr17	31769522	-	INTRX	98	4143	61	1174	37	2256	1973	72	2971	88	1358	36	2201	2327	934	20	159	160	93	0.36904761904761907	0.3675889328063241	False	31769522	46826530
93	chr3	46984983	+	chr3	47398907	-	DEL	92	3805	77	1390	8	391	2287	119	4864	76	1398	14	659	2265	1050	16	169	195	38	0.18357487922705315	0.1630901287553648	False	46984983	47398907
94	chr3	48710139	+	chr3	48989039	-	DEL	30	1435	29	912	40	2446	1665	40	1914	35	826	36	1570	1790	788	94	59	75	170	0.74235807860262	0.6938775510204082	False	48710139	48989039
95	chr3	71234063	+	chr3	71495319	-	DEL	50	2084	41	592	0	0	932	31	1186	33	598	4	265	992	374	11	91	64	15	0.14150943396226415	0.189873417721519	False	71234063	71495318
96	chr3	72946048	+	chr3	73001740	-	DEL	38	1870	25	560	6	299	1077	55	2266	27	558	2	102	1000	480	22	63	82	30	0.3225806451612903	0.26785714285714285	False	72946048	73001740
136	chr3	94097446	-	chr8	1070424	+	INTRX	63	2567	44	914	14	878	1493	42	1822	31	644	11	762	1124	564	10	107	73	35	0.24647887323943662	0.32407407407407407	False	94097446	1070424
97	chr3	136156690	+	chr3	136733867	-	DEL	99	4205	72	1134	2	29	1789	86	3822	36	868	2	32	1598	756	13	171	122	17	0.09042553191489362	0.1223021582733813	False	136156690	136733867
98	chr3	136738987	+	chr3	136744791	-	DEL	54	2706	46	864	19	1538	1603	50	2225	45	858	19	804	1474	664	56	100	95	94	0.4845360824742268	0.4973544973544973	False	136738987	136744791
99	chr3	141531279	+	chr3	141545809	-	DEL	52	2052	38	750	15	945	1244	60	2538	67	930	13	904	1518	554	13	90	127	41	0.31297709923664124	0.24404761904761904	False	141531279	141545809
100	chr3	144042777	+	chr3	144080352	-	DEL	35	1532	57	760	12	677	1217	32	1421	42	778	8	379	1291	524	17	92	74	37	0.2868217054263566	0.3333333333333333	False	144042777	144080352
101	chr3	177181765	+	chr3	177210745	-	DEL	67	2849	53	858	11	729	1577	85	3787	66	1000	15	1026	1762	848	30	120	151	56	0.3181818181818182	0.27053140096618356	False	177181765	177210745
102	chr4	1921521	+	chr4	2351394	-	DEL	45	2022	28	678	25	1766	1209	42	1969	32	632	28	1619	1065	492	20	73	74	73	0.5	0.4965986394557823	False	1921521	2351394
103	chr4	39828242	+	chr4	40138509	-	DEL	17	770	28	554	7	386	920	39	1535	34	564	5	285	966	378	14	45	73	26	0.36619718309859156	0.26262626262626265	False	39828242	40138509
104	chr4	45810781	+	chr4	45811446	-	DEL	35	1155	30	474	10	533	842	27	1109	26	472	8	566	822	278	10	65	53	28	0.3010752688172043	0.345679012345679	False	45810781	45811446
105	chr4	53566222	-	chr4	56901711	+	DUP	55	2284	67	994	2	97	1612	59	2803	38	738	17	1139	1418	652	17	122	97	36	0.22784810126582278	0.2706766917293233	False	53566222	56901711
106	chr4	56706138	-	chr4	56759304	-	INV	64	2621	42	900	8	551	1465	69	2940	44	812	5	290	1377	634	25	106	113	38	0.2638888888888889	0.25165562913907286	False	56706138	56759304
107	chr4	56749070	+	chr4	61121129	-	DEL	67	3100	49	852	6	419	1387	42	1886	37	658	9	428	1159	610	14	116	79	29	0.2	0.26851851851851855	False	56749070	61121129
374	chr4	83134924	+	chr22	49783389	-	INTRX	53	2444	33	606	29	1824	1060	75	3047	58	712	30	1876	1761	800	10	86	133	69	0.44516129032258067	0.3415841584158416	False	49783389	83134924
108	chr4	86189982	+	chr4	86591165	-	DEL	29	1288	19	336	5	268	571	20	941	21	344	6	297	609	272	12	48	41	23	0.323943661971831	0.359375	False	86189982	86591165
241	chr4	86683216	-	chr11	84429510	+	INTRX	45	2067	41	554	12	859	863	54	2362	59	774	10	660	1297	390	15	86	113	37	0.3008130081300813	0.24666666666666667	False	84429510	86683216
109	chr4	91489585	+	chr4	91601366	-	DEL	31	1383	25	522	0	0	851	38	1626	28	482	10	528	810	376	14	56	66	24	0.3	0.26666666666666666	False	91489585	91601365
110	chr4	98980012	+	chr4	99325090	-	DEL	28	1272	32	544	11	647	943	40	1690	33	662	9	611	1011	382	11	60	73	31	0.34065934065934067	0.2980769230769231	False	98980012	99325090
257	chr4	106748603	-	chr13	31124761	+	INTRX	63	2486	45	768	27	1937	1232	77	3379	45	1230	0	0	2133	676	40	108	122	67	0.38285714285714284	0.3544973544973545	False	31124661	106748602
111	chr4	116019985	-	chr4	185807135	-	INV	59	2550	47	872	3	150	1384	53	2276	35	728	1	31	1422	592	16	106	88	20	0.15873015873015872	0.18518518518518517	False	116019985	185807135
112	chr4	116031107	+	chr4	170141240	-	DEL	33	1409	51	686	9	697	1113	38	1727	35	692	9	534	1205	478	19	84	73	37	0.30578512396694213	0.33636363636363636	False	116031107	170141240
113	chr4	145708741	-	chr4	170142189	+	DUP	57	2398	50	942	7	421	1532	52	2247	48	828	10	427	1320	582	36	107	100	53	0.33125	0.3464052287581699	False	145708741	170142189
114	chr4	155073824	-	chr4	174464545	-	INV	52	2197	47	780	3	128	1283	50	2347	43	792	2	185	1278	512	23	99	93	28	0.2204724409448819	0.23140495867768596	False	155073824	174464545
115	chr4	155790667	+	chr4	182835892	-	DEL	47	1918	62	688	10	613	1167	80	3528	59	1018	10	752	1586	584	19	109	139	39	0.2635135135135135	0.21910112359550563	False	155790667	182835892
152	chr4	174466196	+	chrX	136906978	+	INTRX	52	2169	60	890	0	0	1407	30	1221	31	370	0	0	632	458	6	112	61	6	0.05084745762711865	0.08955223880597014	False	174466196	136906978
153	chr4	178805714	-	chrX	132998991	+	INTRX	67	2743	57	872	22	1380	1372	29	1107	19	548	24	1810	935	420	20	124	48	66	0.3473684210526316	0.5789473684210527	False	178805714	132998991
154	chr4	185807231	+	chrX	132999010	-	INTRX	55	1950	38	722	0	0	1407	24	1020	24	550	10	417	942	446	13	93	48	23	0.19827586206896552	0.323943661971831	False	185807231	132999009
155	chr4	186735668	-	chrX	131754570	+	INTRX	65	2758	55	750	11	666	1351	31	1109	16	482	0	0	802	410	25	120	47	36	0.23076923076923078	0.43373493975903615	False	186735667	131754570
339	chr4	190122096	+	chr18	2847350	-	INTRX	118	5028	72	532	15	1037	6037	83	3694	67	1064	15	735	1733	3734	7	190	150	37	0.16299559471365638	0.19786096256684493	False	2847350	190122096
116	chr5	65912807	-	chr5	65921088	+	DUP	61	2549	38	838	13	802	1271	46	2212	45	834	8	749	1281	444	12	99	91	33	0.25	0.2661290322580645	False	65912807	65921088
117	chr5	67083283	+	chr5	67183759	-	DEL	19	772	12	360	25	1558	714	21	866	20	450	23	1179	854	378	24	31	41	72	0.6990291262135923	0.6371681415929203	False	67083283	67183759
118	chr6	5201541	+	chr6	5322482	-	DEL	71	3043	73	1160	10	670	1806	74	3332	57	934	9	590	1541	728	15	144	131	34	0.19101123595505617	0.20606060606060606	False	5201541	5322482
119	chr6	5457798	+	chr6	5458665	-	DEL	66	2714	57	1062	11	644	1741	55	2403	51	1032	11	905	1636	594	13	123	106	35	0.22151898734177214	0.24822695035460993	False	5457798	5458665
120	chr6	7184706	+	chr6	7214655	-	DEL	61	2539	53	876	10	749	1636	95	4017	68	1316	13	814	1970	770	21	114	163	44	0.27848101265822783	0.21256038647342995	False	7184706	7214655
121	chr6	35367348	+	chr6	35377564	+	INV	124	5341	88	1426	0	0	2200	67	2761	62	960	1	63	1679	864	21	212	129	22	0.09401709401709402	0.1456953642384106	False	35367348	35377571
122	chr6	36955512	-	chr6	169385532	-	INV	75	2679	66	1024	2	132	1589	81	3487	80	1152	5	207	1798	648	21	141	161	28	0.16568047337278108	0.14814814814814814	False	36955512	169385532
123	chr6	36992179	+	chr6	37002623	+	INV	45	2166	44	842	4	175	1536	73	3173	73	886	8	527	1438	702	11	89	146	23	0.20535714285714285	0.13609467455621302	False	36992179	37002623
283	chr6	38359994	-	chr16	57739061	-	INTRX	155	6893	109	1900	20	1154	3079	97	4535	98	1428	14	1025	2299	1060	5	264	195	39	0.12871287128712872	0.16666666666666666	False	57739061	38359994
284	chr6	38362362	-	chr16	59856091	+	INTRX	126	5110	117	1748	15	1237	2893	78	3446	59	992	14	664	1583	846	3	243	137	32	0.11636363636363636	0.1893491124260355	False	59856091	38362362
124	chr6	38379988	+	chr6	38385218	-	DEL	113	4661	128	1974	0	0	2998	149	6500	143	1958	5	167	3079	1158	5	241	292	10	0.0398406374501992	0.033112582781456956	False	38379988	38385217
125	chr6	38588591	+	chr6	42765389	-	DEL	27	1257	46	1000	61	3472	1903	43	2125	37	1038	57	3696	1956	860	125	73	80	243	0.7689873417721519	0.7523219814241486	False	38588591	42765389
126	chr6	43395371	+	chr6	43419100	-	DEL	134	5655	102	1728	20	1340	2827	103	4354	36	1120	14	871	2338	1326	19	236	139	53	0.18339100346020762	0.2760416666666667	False	43395371	43419100
299	chr6	44376011	+	chr17	35089193	+	INTRX	47	2012	32	844	1	86	1630	55	2668	35	974	0	0	1960	1014	95	79	90	96	0.5485714285714286	0.5161290322580645	False	35089193	44376018
346	chr6	53778505	-	chr19	39400609	+	INTRX	64	2538	46	686	13	352	1171	235	9874	173	3254	2	50	5171	1338	11	110	408	26	0.19117647058823528	0.059907834101382486	False	39400613	53778504
127	chr6	53778618	+	chr6	53785599	+	INV	55	2123	43	710	13	936	1196	25	1124	26	502	19	1513	883	404	8	98	51	40	0.2898550724637681	0.43956043956043955	False	53778618	53785599
128	chr6	63657132	+	chr6	63662471	-	DEL	38	1562	36	550	10	641	978	51	2151	34	584	8	372	960	408	16	74	85	34	0.3148148148148148	0.2857142857142857	False	63657132	63662471
172	chr6	114870657	+	chr8	134070214	-	INTRX	36	1591	20	570	0	0	883	105	4405	94	1160	48	2579	3705	794	0	56	199	48	0.46153846153846156	0.19433198380566802	False	114870657	134070213
129	chr6	119253165	+	chr6	119306863	-	DEL	48	1900	29	602	16	664	1010	40	1489	44	526	17	1103	880	386	22	77	84	55	0.4166666666666667	0.39568345323741005	False	119253165	119306863
130	chr6	120010234	+	chr6	120773738	-	DEL	33	1510	22	450	11	501	798	31	1220	25	592	10	815	934	360	14	55	56	35	0.3888888888888889	0.38461538461538464	False	120010234	120773738
173	chr6	154836654	-	chr8	41505941	+	INTRX	70	3229	59	860	22	1475	1550	96	4123	86	1222	0	0	1884	668	21	129	182	43	0.25	0.19111111111111112	False	154836652	41505941
259	chr6	155881340	+	chr13	103962405	-	INTRX	77	3543	76	1134	28	2106	1804	48	2190	63	772	29	1806	1373	644	23	153	111	80	0.34334763948497854	0.418848167539267	False	103962405	155881340
258	chr6	156309576	-	chr13	84030477	+	INTRX	99	4411	54	1080	29	1895	1683	37	1489	39	744	28	2020	1231	552	14	153	76	71	0.3169642857142857	0.48299319727891155	False	84030477	156309576
131	chr6	156892147	+	chr6	156912481	-	DEL	73	3675	62	1000	7	455	1778	79	3187	55	970	11	668	1660	740	19	135	134	37	0.21511627906976744	0.21637426900584794	False	156892147	156912481
298	chr6	158644617	+	chr17	8221808	+	INTRX	102	4246	70	1096	1	13	1832	47	1835	49	668	0	0	1184	724	22	172	96	23	0.11794871794871795	0.19327731092436976	False	8221808	158644621
132	chr7	987031	+	chr7	1033808	-	DEL	78	2910	48	928	9	415	1594	60	2379	58	874	11	838	1466	712	13	126	118	33	0.20754716981132076	0.2185430463576159	False	987031	1033808
133	chr7	8016184	+	chr7	8068243	-	DEL	68	2776	62	778	8	326	1261	61	2529	79	948	2	60	1539	606	17	130	140	27	0.17197452229299362	0.16167664670658682	False	8016184	8068243
134	chr7	11929600	-	chr7	12250623	+	DUP	45	1807	54	834	7	467	1369	36	1594	65	834	12	523	1367	592	29	99	101	48	0.32653061224489793	0.3221476510067114	False	11929600	12250623
135	chr7	27886343	+	chr7	28153333	-	DEL	54	2207	61	778	8	727	1304	56	2303	58	836	10	533	1323	542	21	115	114	39	0.2532467532467532	0.2549019607843137	False	27886343	28153333
136	chr7	28850643	+	chr7	28855088	+	INV	51	2269	62	838	0	0	1385	40	1537	48	774	11	507	1519	650	35	113	88	46	0.2893081761006289	0.34328358208955223	False	28850643	28855096
137	chr7	32847097	+	chr7	33002815	-	DEL	34	1518	33	562	15	1207	934	45	1948	45	722	18	967	1130	414	20	67	90	53	0.44166666666666665	0.3706293706293706	False	32847097	33002815
138	chr7	39982130	+	chr7	40218330	-	DEL	18	624	23	476	0	0	982	49	2347	30	612	9	550	1031	444	23	41	79	32	0.4383561643835616	0.2882882882882883	False	39982130	40218330
139	chr7	91963100	+	chr7	91993198	-	DEL	55	2389	46	880	15	1137	1542	74	3340	55	944	15	823	1620	680	15	101	129	45	0.3082191780821918	0.25862068965517243	False	91963100	91993198
140	chr7	92002322	+	chr7	92015390	-	DEL	54	2089	45	836	10	440	1309	89	3936	52	944	10	420	1561	538	23	99	141	43	0.3028169014084507	0.23369565217391305	False	92002322	92015390
141	chr7	105043530	+	chr7	105181069	-	DEL	72	2968	39	802	3	38	1404	32	1376	45	656	22	1686	1242	616	31	111	77	56	0.33532934131736525	0.42105263157894735	False	105043382	105181068
142	chr7	105082081	+	chr7	105188336	-	DEL	32	1412	33	568	7	412	992	65	2719	60	1012	10	636	1615	532	10	65	125	27	0.29347826086956524	0.17763157894736842	False	105082081	105188336
143	chr7	105272108	+	chr7	105708009	-	DEL	63	2407	46	858	25	1421	1473	77	3212	59	982	22	1371	1681	666	23	109	136	70	0.39106145251396646	0.33980582524271846	False	105272108	105708009
144	chr7	133384922	+	chr7	135281370	-	DEL	68	2767	38	832	0	0	1340	87	3863	81	1216	7	306	1999	646	20	106	168	27	0.20300751879699247	0.13846153846153847	False	133384922	135281369
145	chr7	135278362	-	chr7	135280724	+	DUP	53	2113	61	898	22	952	1558	76	3044	69	1098	0	0	1820	670	37	114	145	59	0.34104046242774566	0.28921568627450983	False	135278361	135280724
146	chr7	140905946	+	chr7	141117960	-	DEL	70	2981	50	1072	4	64	1949	99	4422	100	1276	13	853	2022	788	17	120	199	34	0.22077922077922077	0.1459227467811159	False	140905946	141117960
147	chr7	151420520	+	chr7	151462164	-	DEL	25	1188	22	740	60	3937	1414	34	1572	24	770	66	4265	1500	704	67	47	58	193	0.8041666666666667	0.7689243027888446	False	151420520	151462164
148	chr8	277164	-	chr8	294255	-	INV	21	904	12	412	13	677	756	28	1337	41	616	10	712	1022	388	23	33	69	46	0.5822784810126582	0.4	False	277164	294255
149	chr8	39631659	-	chr8	39650154	-	INV	34	1358	27	470	14	807	739	61	2804	49	826	10	629	1324	350	13	61	110	37	0.37755102040816324	0.25170068027210885	False	39631659	39650154
150	chr8	41490092	-	chr8	41494084	-	INV	85	3625	69	1098	15	991	1922	111	4542	74	1216	24	1330	1926	834	21	154	185	60	0.2803738317757009	0.24489795918367346	False	41490092	41494084
151	chr8	60452070	+	chr8	60510373	-	DEL	63	2707	39	742	15	981	1243	49	2084	38	698	17	1119	1195	516	19	102	87	51	0.3333333333333333	0.3695652173913043	False	60452070	60510373
152	chr8	65650657	+	chr8	65773767	-	DEL	43	1563	50	698	12	813	1373	51	2349	33	662	11	713	1152	616	19	93	84	42	0.3111111111111111	0.3333333333333333	False	65650657	65773767
153	chr8	83110055	-	chr8	134069699	-	INV	52	2320	64	896	1	73	1351	108	4590	92	1318	4	144	2419	776	5	116	200	10	0.07936507936507936	0.047619047619047616	False	83110055	134069699
154	chr8	94628579	+	chr8	94871077	-	DEL	63	2995	61	856	15	1640	1430	62	2462	34	802	12	461	1316	558	13	124	96	40	0.24390243902439024	0.29411764705882354	False	94628585	94871076
155	chr8	99885017	-	chr8	115471083	-	INV	77	2988	49	1384	74	5425	2551	85	3804	67	1624	81	4639	3052	1184	189	126	152	344	0.7319148936170212	0.6935483870967742	False	99885017	115471083
156	chr8	100937265	+	chr8	100937669	-	DEL	154	7394	168	2506	21	1271	4035	140	6039	142	2462	19	1552	3970	1108	0	322	282	40	0.11049723756906077	0.12422360248447205	False	100937265	100937669
157	chr8	101275119	-	chr8	101295845	-	INV;HIDEP	0	0	0	0	0	0	0	0	0	0	0	0	0	0	0	0	0	0	0	0.0	0.0	False	101275119	101295845
158	chr8	101498647	-	chr8	126856696	+	DUP;HIDEP	0	0	0	0	0	0	0	0	0	0	0	0	0	0	0	0	0	0	0	0.0	0.0	False	101498647	126856696
159	chr8	101620949	+	chr8	115716854	-	DEL;HIDEP	0	0	0	0	0	0	0	0	0	0	0	0	0	0	0	0	0	0	0	0.0	0.0	False	101620949	115716854
367	chr8	101872496	+	chr20	11776314	+	INTRX;HIDEP	0	0	0	0	0	0	0	0	0	0	0	0	0	0	0	0	0	0	0	0.0	0.0	False	11776314	101872496
160	chr8	103584982	-	chr8	120375451	-	INV	52	2230	54	1072	49	2801	1882	80	3587	84	1274	45	3285	2101	812	39	106	164	133	0.5564853556485355	0.4478114478114478	False	103584982	120375451
161	chr8	104877568	+	chr8	109510229	+	INV	97	4146	69	1300	1	17	2199	94	4375	74	1194	0	0	1898	838	27	166	168	28	0.14432989690721648	0.14285714285714285	False	104877425	109510229
162	chr8	106701268	-	chr8	112835553	+	DUP	112	4703	71	1410	22	1397	2418	113	4656	80	1312	20	1504	2225	988	50	183	193	92	0.33454545454545453	0.32280701754385965	False	106701268	112835553
163	chr8	106723994	+	chr8	112745196	+	INV	124	5617	107	1656	1	21	2888	97	4310	67	1040	0	0	1790	1040	38	231	164	39	0.14444444444444443	0.1921182266009852	False	106723983	112745196
164	chr8	106960454	-	chr8	110654629	-	INV	90	3851	82	1242	18	1067	2015	78	3220	69	1322	16	1103	2289	834	33	172	147	67	0.2803347280334728	0.3130841121495327	False	106960454	110654629
165	chr8	112449278	+	chr8	135414040	+	INV	90	3272	56	1188	10	669	2070	75	3244	72	1170	16	710	1912	896	26	146	147	52	0.26262626262626265	0.2613065326633166	False	112449278	135414040
166	chr8	112680353	-	chr8	115071956	-	INV	108	4486	74	1328	16	960	2203	113	5237	104	1622	19	1399	2612	1000	35	182	217	70	0.2777777777777778	0.24390243902439024	False	112680353	115071956
167	chr8	112763277	-	chr8	120045846	+	DUP	59	2660	47	898	14	913	1455	121	5791	118	1964	17	811	3116	888	46	106	239	77	0.4207650273224044	0.24367088607594936	False	112763277	120045846
168	chr8	112801620	-	chr8	121100710	+	DUP	69	3002	94	1294	13	795	2058	73	3132	69	1168	11	541	1928	768	37	163	142	61	0.27232142857142855	0.30049261083743845	False	112801620	121100710
169	chr8	115142946	+	chr8	115151027	+	INV	114	5177	97	1778	0	0	2843	132	5952	93	1836	0	0	2960	1148	32	211	225	32	0.13168724279835392	0.1245136186770428	False	115142946	115151027
170	chr8	115207139	+	chr8	120100672	+	INV	36	1583	49	754	0	0	1306	59	2392	50	914	0	0	1576	612	53	85	109	53	0.38405797101449274	0.3271604938271605	False	115207139	120100672
347	chr8	115743211	+	chr19	4642367	-	INTRX	87	3563	50	1978	16	1407	3246	88	3841	63	960	18	916	1644	948	3	137	151	37	0.21264367816091953	0.19680851063829788	False	4642367	115743211
171	chr8	115743328	+	chr8	115744352	+	INV	128	5643	79	1912	0	0	3222	158	6855	133	2030	0	0	3109	968	8	207	291	8	0.037209302325581395	0.026755852842809364	False	115743328	115744352
172	chr8	116714990	+	chr8	116842359	-	DEL	109	4651	103	1490	12	933	2382	140	6855	94	1814	10	612	3090	1086	23	212	234	45	0.17509727626459143	0.16129032258064516	False	116714990	116842359
173	chr8	117905461	+	chr8	117974848	-	DEL	128	5560	122	1790	28	1706	2859	117	4942	144	1952	27	1994	3112	1266	33	250	261	88	0.2603550295857988	0.2521489971346705	False	117905461	117974848
174	chr8	118898025	+	chr8	119101605	-	DEL	113	5071	134	1724	20	1316	2790	139	5840	89	1570	21	1389	2686	1036	27	247	228	68	0.21587301587301588	0.22972972972972974	False	118898025	119101605
175	chr8	125359358	-	chr8	131104084	-	INV	50	2050	22	1206	27	1123	2364	99	4278	101	1370	20	1176	2180	972	44	72	200	91	0.558282208588957	0.3127147766323024	False	125359358	131104084
176	chr8	125846281	-	chr8	125848524	-	INV	105	4454	135	1928	57	4198	3347	236	10596	168	2990	87	4735	5136	1726	127	240	404	271	0.5303326810176126	0.4014814814814815	False	125846281	125848524
177	chr8	126034975	+	chr8	126068599	+	INV	122	4662	175	3270	0	0	5921	230	10263	159	3122	0	0	4889	2606	58	297	389	58	0.16338028169014085	0.1297539149888143	False	126034975	126068599
178	chr8	127960674	+	chr8	128086710	+	INV	123	5603	46	1448	0	0	2431	88	3919	94	1366	7	370	2057	874	23	169	182	30	0.1507537688442211	0.14150943396226415	False	127960674	128086717
348	chr8	134070484	-	chr19	29146940	-	INTRX	111	4967	66	1188	35	2210	3813	117	5564	99	1750	38	2220	3219	1480	0	177	216	73	0.292	0.25259515570934254	False	29146940	134070484
179	chr8	136230067	-	chr8	144030749	-	INV	72	2843	76	1362	13	389	2171	105	4682	92	1448	10	560	2515	964	37	148	197	60	0.28846153846153844	0.23346303501945526	False	136230067	144030749
180	chr8	136659108	-	chr8	143223365	-	INV	93	3904	84	1464	21	1391	2485	94	3834	89	1564	29	1751	2563	1090	48	177	183	98	0.3563636363636364	0.3487544483985765	False	136659108	143223365
181	chr8	136776128	+	chr8	144893770	-	DEL	72	3260	78	1352	36	2440	2485	56	2451	53	1130	35	2191	2068	1024	71	150	109	142	0.4863013698630137	0.5657370517928287	False	136776128	144893770
182	chr8	140549799	+	chr8	140887852	-	DEL	80	3184	95	1302	8	547	2120	71	3065	52	862	9	686	1284	668	14	175	123	31	0.15048543689320387	0.2012987012987013	False	140549799	140887852
183	chr8	140565444	+	chr8	140613093	-	DEL	47	2218	40	814	11	430	1566	75	3364	48	820	3	99	1585	732	29	87	123	43	0.33076923076923076	0.25903614457831325	False	140565452	140613097
184	chr8	140647711	+	chr8	140891819	-	DEL	50	2128	49	754	18	1074	1377	87	3652	64	1060	17	1285	1803	758	17	99	151	52	0.3443708609271523	0.2561576354679803	False	140647711	140891819
185	chr8	144027106	+	chr8	144041043	+	INV	148	6561	88	1510	0	0	2609	157	7369	69	1972	0	0	3340	1316	18	236	226	18	0.07086614173228346	0.07377049180327869	False	144027106	144041043
186	chr8	144723338	+	chr8	145071259	-	DEL	60	2431	59	1120	32	2074	2075	132	5480	117	2140	31	939	3726	1246	105	119	249	168	0.5853658536585366	0.4028776978417266	False	144723338	145071259
187	chr9	21621678	+	chr9	21738138	-	DEL	36	1622	35	514	0	0	834	43	1936	27	530	4	282	926	416	9	71	70	13	0.15476190476190477	0.1566265060240964	False	21621678	21738137
188	chr9	33941415	+	chr9	34038292	-	DEL	74	2722	43	802	4	174	1460	88	3077	43	846	3	282	1882	898	5	117	131	12	0.09302325581395349	0.08391608391608392	False	33941415	34038292
189	chr9	34038390	-	chr9	34252652	-	INV	82	3578	55	868	21	1367	1951	51	2098	30	852	15	872	1504	844	16	137	81	52	0.2751322751322751	0.39097744360902253	False	34038390	34252652
190	chr9	112049248	+	chr9	112264721	-	DEL	46	1944	37	642	6	355	1076	44	1840	27	460	6	298	887	444	8	83	71	20	0.1941747572815534	0.21978021978021978	False	112049248	112264721
191	chr9	123447627	+	chr9	123840048	-	DEL	30	1245	23	534	14	513	954	22	841	17	458	5	291	767	378	16	53	39	35	0.3977272727272727	0.47297297297297297	False	123447627	123840048
192	chr9	124355068	-	chr9	124362362	-	INV	97	4138	72	984	13	982	1576	98	4335	77	1088	14	739	1833	674	28	169	175	55	0.24553571428571427	0.2391304347826087	False	124355068	124362362
193	chr9	137454422	+	chr9	137584211	-	DEL	85	3861	64	866	14	1115	1676	63	2475	88	1038	18	878	1712	722	21	149	151	53	0.2623762376237624	0.25980392156862747	False	137454422	137584211
239	chr10	41831024	+	chr17	42912967	+	INTRX	16	583	20	342	3	100	929	47	1869	57	834	1	83	1388	516	14	36	104	18	0.3333333333333333	0.14754098360655737	False	41831032	42912970
194	chr10	87042107	-	chr10	87057709	+	DUP	84	4010	61	1016	17	881	1939	65	2869	84	1130	13	1043	1942	894	29	145	149	59	0.28921568627450983	0.28365384615384615	False	87042107	87057709
240	chr10	89802570	+	chr19	30135219	-	INTRX	70	3068	54	890	18	1259	1369	181	7496	153	2620	22	1337	4288	1230	15	124	334	55	0.30726256983240224	0.14138817480719795	False	89802570	30135219
195	chr11	848741	-	chr11	1047850	+	DUP	70	3157	47	996	10	661	1624	54	2386	48	890	12	678	1505	720	26	117	102	48	0.2909090909090909	0.32	False	848741	1047850
196	chr11	1329874	+	chr11	1373538	-	DEL	49	2175	16	610	11	371	1035	34	1456	40	676	9	769	1170	512	22	65	74	42	0.3925233644859813	0.3620689655172414	False	1329874	1373538
197	chr11	3484344	-	chr11	67856182	+	DUP	40	1667	52	712	2	189	1182	76	3037	105	1124	0	0	1801	674	12	92	181	14	0.1320754716981132	0.07179487179487179	False	3484342	67856182
252	chr11	47558755	-	chr16	17201377	+	INTRX	8	318	3	544	42	2959	1131	53	2539	43	906	49	3076	1624	612	19	11	96	110	0.9090909090909091	0.5339805825242718	False	47558755	17201377
198	chr11	48499361	+	chr11	59761085	-	DEL	35	1577	34	838	16	1064	1390	24	813	44	696	14	873	1259	622	39	69	68	69	0.5	0.5036496350364964	False	48499361	59761085
199	chr11	57796849	+	chr11	58647516	-	DEL	134	6213	102	1248	12	803	2196	44	2020	35	582	10	638	943	710	17	236	79	39	0.14181818181818182	0.3305084745762712	False	57796849	58647516
200	chr11	58813339	+	chr11	72009621	-	DEL	24	1100	26	454	4	229	768	78	3339	75	1038	7	366	1787	476	16	50	153	27	0.35064935064935066	0.15	False	58813339	72009621
201	chr11	67149641	+	chr11	67191117	-	DEL	47	1659	51	790	10	499	1258	73	3090	48	826	11	527	1395	508	21	98	121	42	0.3	0.25766871165644173	False	67149641	67191117
202	chr11	68934377	+	chr11	69127689	-	DEL	70	3248	47	994	12	980	1602	76	3219	66	822	12	767	1481	646	15	117	142	39	0.25	0.2154696132596685	False	68934377	69127689
203	chr11	72847169	+	chr11	73109000	-	DEL	32	1393	75	766	13	849	1308	71	3192	39	732	17	993	1268	552	23	107	110	53	0.33125	0.32515337423312884	False	72847169	73109000
204	chr11	77668589	+	chr11	77701157	-	DEL	50	2150	50	738	11	597	1246	52	2153	47	732	9	657	1175	496	18	100	99	38	0.2753623188405797	0.2773722627737226	False	77668589	77701157
205	chr12	45805042	+	chr12	45992643	-	DEL	31	1612	24	520	22	1501	932	30	1064	36	632	22	1637	1099	432	27	55	66	71	0.5634920634920635	0.5182481751824818	False	45805042	45992643
206	chr12	111617773	-	chr12	111619447	+	DUP	65	2813	28	804	6	353	1799	64	2953	51	1006	0	0	1800	920	20	93	115	26	0.2184873949579832	0.18439716312056736	False	111617772	111619447
207	chr12	119630834	-	chr12	119675931	+	DUP	70	3086	73	1108	19	823	1810	63	2992	48	1190	10	596	1893	732	32	143	111	61	0.29901960784313725	0.3546511627906977	False	119630834	119675931
208	chr12	122494129	+	chr12	122497247	-	DEL	61	2806	39	838	10	699	1502	73	3529	36	778	10	541	1432	744	14	100	109	34	0.2537313432835821	0.23776223776223776	False	122494129	122497247
209	chr13	29871064	-	chr13	29921684	-	INV	70	3099	43	1018	26	1707	1759	57	3014	49	1212	37	1919	2025	794	51	113	106	114	0.5022026431718062	0.5181818181818182	False	29871064	29921684
210	chr13	29880452	+	chr13	29913519	+	INV	62	2559	72	1040	0	0	1841	46	2027	52	968	2	28	1716	802	69	134	98	71	0.3463414634146341	0.42011834319526625	False	29880452	29913525
211	chr13	31134413	+	chr13	31394162	-	DEL	121	5395	82	1394	5	404	2245	134	5347	108	1614	5	237	2478	918	32	203	242	42	0.17142857142857143	0.14788732394366197	False	31134413	31394162
267	chr13	33704604	+	chr19	29192573	+	INTRX	51	2113	28	660	24	1619	1072	116	4681	67	1596	22	1360	2693	674	33	79	183	79	0.5	0.3015267175572519	False	33704604	29192573
212	chr13	42100502	-	chr13	42441256	+	DUP	77	3682	37	798	16	1228	1321	49	2133	33	772	1	97	1291	490	24	114	82	41	0.2645161290322581	0.3333333333333333	False	42100501	42441143
213	chr13	46722960	+	chr13	46762927	-	DEL	20	907	18	424	29	1891	845	25	936	13	424	28	2161	776	396	28	38	38	85	0.6910569105691057	0.6910569105691057	False	46722960	46762927
214	chr13	81438826	+	chr13	81442161	-	DEL	33	1458	42	604	4	321	965	44	1898	44	582	6	326	990	388	6	75	88	16	0.17582417582417584	0.15384615384615385	False	81438826	81442161
215	chr13	111259094	+	chr13	111270756	-	DEL	63	2337	63	908	11	828	1466	70	3128	45	826	11	726	1398	580	16	126	115	38	0.23170731707317074	0.24836601307189543	False	111259094	111270756
216	chr14	20825030	-	chr14	21147471	+	DUP	74	3281	61	1088	8	464	1724	65	2721	76	1124	9	589	1811	712	16	135	141	33	0.19642857142857142	0.1896551724137931	False	20825030	21147471
217	chr14	29712817	+	chr14	69350451	-	DEL	48	1735	45	680	9	468	1137	69	2955	51	1012	12	804	1607	600	12	93	120	33	0.2619047619047619	0.21568627450980393	False	29712817	69350451
218	chr14	44986690	+	chr14	45091610	-	DEL	23	1004	18	466	10	655	978	34	1682	34	614	18	1284	1035	592	7	41	68	35	0.4605263157894737	0.33980582524271846	False	44986690	45091610
219	chr14	51678997	+	chr14	51692354	-	DEL	40	1532	44	560	8	466	984	22	994	29	438	7	519	843	390	15	84	51	30	0.2631578947368421	0.37037037037037035	False	51678997	51692354
276	chr14	56148440	+	chr17	34721637	-	INTRX	67	2571	54	802	0	0	1257	117	5418	104	1600	1	12	2554	796	14	121	221	15	0.11029411764705882	0.0635593220338983	False	56148440	34721631
220	chr14	81529856	+	chr14	81530156	-	DEL	51	2236	49	736	9	554	1216	29	1407	41	730	9	491	1248	360	0	100	70	18	0.15254237288135594	0.20454545454545456	False	81529856	81530156
221	chr14	90906852	+	chr14	91096650	-	DEL	69	3102	69	868	17	1000	1416	80	3681	61	866	17	1297	1561	610	19	138	141	53	0.2774869109947644	0.27319587628865977	False	90906852	91096650
222	chr14	97385554	-	chr14	97400112	+	DUP	77	3426	48	1040	16	1047	1797	62	2786	84	1158	23	1138	1878	742	48	125	146	87	0.41037735849056606	0.37339055793991416	False	97385554	97400112
223	chr14	103182632	-	chr14	103344211	+	DUP	84	3818	62	1002	9	430	1642	66	2717	71	1046	3	191	1712	728	34	146	137	46	0.23958333333333334	0.25136612021857924	False	103182632	103344211
224	chr15	22630594	+	chr15	22915359	-	DEL	48	1963	44	668	0	0	1263	49	2114	37	844	16	806	1448	640	11	92	86	27	0.226890756302521	0.23893805309734514	False	22630594	22915358
225	chr15	44337098	+	chr15	44389271	-	DEL	54	2339	51	682	12	717	1158	63	2480	37	830	9	619	1375	550	25	105	100	46	0.304635761589404	0.3150684931506849	False	44337098	44389271
226	chr15	57009650	+	chr15	57018080	-	DEL	33	1380	33	498	7	276	840	36	1354	34	584	6	413	932	360	17	66	70	30	0.3125	0.3	False	57009650	57018080
227	chr15	58634325	-	chr15	58646515	+	DUP	54	2201	67	744	1	56	1216	49	2138	56	632	2	115	1105	492	16	121	105	19	0.1357142857142857	0.1532258064516129	False	58634325	58646515
228	chr15	58745119	+	chr15	58758830	-	DEL	40	1532	44	690	13	673	1087	37	1617	38	542	11	666	1001	440	18	84	75	42	0.3333333333333333	0.358974358974359	False	58745119	58758830
229	chr15	98891721	+	chr15	99119237	-	DEL	42	1796	37	616	16	1046	1038	59	2560	31	660	0	0	1078	444	26	79	90	42	0.34710743801652894	0.3181818181818182	False	98891721	99119237
230	chr16	8812079	+	chr16	8837122	-	DEL	25	986	42	586	14	940	1024	40	1593	35	686	3	48	1145	426	23	67	75	40	0.37383177570093457	0.34782608695652173	False	8812079	8837122
231	chr16	8863409	+	chr16	8920182	-	DEL	56	2584	39	572	0	0	1045	46	2058	36	604	10	592	1064	496	13	95	82	23	0.19491525423728814	0.21904761904761905	False	8863409	8920177
232	chr16	15479472	-	chr16	25890558	-	INV	47	2030	40	1014	51	3783	1829	49	2103	56	1050	54	2957	1809	790	56	87	105	161	0.6491935483870968	0.6052631578947368	False	15479472	25890558
233	chr16	30449480	+	chr16	30611142	-	DEL	67	2702	59	1132	8	525	1908	74	3265	63	1026	7	313	1755	868	20	126	137	35	0.21739130434782608	0.20348837209302326	False	30449480	30611142
234	chr16	51637883	+	chr16	51641189	-	DEL	77	3340	70	1086	18	1339	1787	84	3911	70	1138	17	907	1782	676	25	147	154	60	0.2898550724637681	0.2803738317757009	False	51637883	51641189
235	chr16	52312644	+	chr16	52498481	-	DEL	87	3826	49	874	16	1122	1517	85	3351	53	1064	17	1243	1714	662	10	136	138	43	0.24022346368715083	0.23756906077348067	False	52312644	52498481
236	chr16	69327141	+	chr16	69617046	-	DEL	26	982	51	772	20	1530	1453	61	2892	37	838	17	826	1557	674	39	77	98	76	0.49673202614379086	0.4367816091954023	False	69327141	69617046
237	chr16	74318666	+	chr16	74401809	-	DEL	53	2240	51	866	37	2348	1530	100	3910	95	1470	28	1696	2672	966	25	104	195	90	0.4639175257731959	0.3157894736842105	False	74318666	74401809
238	chr16	89361924	+	chr16	89408121	-	DEL	87	3546	95	1220	9	629	1882	46	2086	54	844	9	377	1558	778	21	182	100	39	0.17647058823529413	0.2805755395683453	False	89361924	89408121
239	chr16	89369345	+	chr16	89416304	-	DEL	84	3826	64	818	17	1450	1410	63	2745	68	850	15	698	1691	716	25	148	131	57	0.2780487804878049	0.30319148936170215	False	89369345	89416314
240	chr17	1386823	+	chr17	1413708	-	DEL	42	1747	30	690	9	495	1079	37	1693	33	604	8	277	1049	472	15	72	70	32	0.3076923076923077	0.3137254901960784	False	1386823	1413708
241	chr17	27888073	+	chr17	28389028	-	DEL;HIDEP	0	0	0	0	0	0	0	0	0	0	0	0	0	0	0	0	0	0	0	0.0	0.0	False	27888073	28389028
242	chr17	27892998	+	chr17	28032470	-	DEL	221	9940	228	2948	19	1438	4835	192	7556	250	3070	17	1066	4910	2100	23	449	442	59	0.11614173228346457	0.11776447105788423	False	27892998	28032470
243	chr17	28148091	+	chr17	28149802	+	INV	247	10043	143	2488	1	91	4096	194	8098	179	2700	1	16	4243	1728	24	390	373	26	0.0625	0.06516290726817042	False	28148099	28149672
244	chr17	28176474	-	chr17	28179472	-	INV	206	8644	151	2800	17	1087	4414	225	9671	138	2924	22	992	5445	2110	47	357	363	86	0.19413092550790068	0.1915367483296214	False	28176474	28179472
245	chr17	28234574	-	chr17	28236111	-	INV;HIDEP	0	0	0	0	0	0	0	0	0	0	0	0	0	0	0	0	0	0	0	0.0	0.0	False	28234574	28236111
246	chr17	28298616	-	chr17	28301003	-	INV;HIDEP	0	0	0	0	0	0	0	0	0	0	0	0	0	0	0	0	0	0	0	0.0	0.0	False	28298616	28301003
247	chr17	28439565	+	chr17	28439989	-	DEL;HIDEP	0	0	0	0	0	0	0	0	0	0	0	0	0	0	0	0	0	0	0	0.0	0.0	False	28439555	28439989
248	chr17	28471001	+	chr17	28472270	-	DEL;HIDEP	0	0	0	0	0	0	0	0	0	0	0	0	0	0	0	0	0	0	0	0.0	0.0	False	28471001	28472270
249	chr17	28491504	+	chr17	28505824	+	INV;HIDEP	0	0	0	0	0	0	0	0	0	0	0	0	0	0	0	0	0	0	0	0.0	0.0	False	28491504	28505824
250	chr17	29174141	-	chr17	29175992	-	INV	157	6823	79	1950	12	708	3703	158	7364	159	2096	7	340	4028	1988	22	236	317	41	0.148014440433213	0.11452513966480447	False	29174141	29175992
251	chr17	32312030	+	chr17	32924371	-	DEL	115	4777	74	1338	27	1633	2302	57	2720	78	1132	31	2186	2166	1020	22	189	135	80	0.29739776951672864	0.37209302325581395	False	32312030	32924371
252	chr17	34039979	+	chr17	62479146	+	INV	122	5290	45	1328	0	0	2465	56	2411	49	866	0	0	1694	1032	22	167	105	22	0.1164021164021164	0.1732283464566929	False	34039979	62479146
253	chr17	35766764	+	chr17	41026896	-	DEL	21	937	20	494	23	1631	926	62	2916	53	854	22	1198	1456	516	58	41	115	103	0.7152777777777778	0.4724770642201835	False	35766764	41026896
254	chr17	36034660	-	chr17	41814213	+	DUP	23	1134	19	392	31	2244	858	56	2298	60	790	36	2134	1349	474	43	42	116	110	0.7236842105263158	0.48672566371681414	False	36034660	41814213
255	chr17	42751632	-	chr17	76604599	+	DUP	57	2718	49	750	26	1455	1324	70	2742	49	980	24	1832	2273	906	52	106	119	102	0.49038461538461536	0.46153846153846156	False	42751632	76604599
256	chr17	47119822	-	chr17	58245571	+	DUP	28	1353	45	696	9	629	1194	57	1929	49	960	8	335	1580	578	25	73	106	42	0.3652173913043478	0.28378378378378377	False	47119822	58245571
257	chr17	57746909	-	chr17	77114710	-	INV	50	2257	64	816	6	368	1322	61	2609	46	962	5	121	1832	774	26	114	107	37	0.24503311258278146	0.2569444444444444	False	57746909	77114710
258	chr17	64368151	+	chr17	64605074	+	INV	60	2429	37	758	0	0	1371	41	1850	48	700	0	0	1221	606	24	97	89	24	0.19834710743801653	0.21238938053097345	False	64368151	64605074
259	chr17	64399384	-	chr17	64687339	-	INV	74	3307	59	866	12	598	1470	67	2723	51	890	11	878	1480	634	20	133	118	43	0.24431818181818182	0.2670807453416149	False	64399384	64687339
334	chr17	64862602	+	chr19	29734230	-	INTRX	54	2673	41	844	6	226	1423	136	6241	136	2076	19	908	3312	964	11	95	272	36	0.2748091603053435	0.11688311688311688	False	64862602	29734230
335	chr17	65940765	-	chr19	30942693	+	INTRX	42	1937	34	836	105	6906	1660	58	2199	59	1234	101	6215	2318	738	81	76	117	287	0.790633608815427	0.7103960396039604	False	65940765	30942693
260	chr17	66143642	+	chr17	67164771	-	DEL	41	1721	53	990	49	3309	1850	56	2833	58	1178	52	3128	2114	920	89	94	114	190	0.6690140845070423	0.625	False	66143642	67164771
261	chr17	68061830	+	chr17	68083713	+	INV	75	3406	66	1262	28	1735	2047	154	6434	112	1982	28	1897	3198	1108	39	141	266	95	0.4025423728813559	0.2631578947368421	False	68061830	68083713
262	chr17	68080332	-	chr17	68082390	-	INV	88	3581	64	1370	15	749	2262	128	5323	88	1796	16	614	3137	1238	59	152	216	90	0.371900826446281	0.29411764705882354	False	68080332	68082390
263	chr17	68087092	-	chr17	68096135	-	INV	90	4114	77	1194	36	2079	2203	103	4732	78	1360	36	2043	2394	1040	45	167	181	117	0.4119718309859155	0.3926174496644295	False	68087092	68096135
336	chr17	68101708	+	chr19	28450974	-	INTRX	79	3149	60	1248	53	3305	2109	41	1700	37	670	47	3181	1152	628	18	139	78	118	0.4591439688715953	0.6020408163265306	False	68101708	28450974
264	chr17	72440328	+	chr17	72546478	-	DEL	62	2588	63	1058	15	1104	1766	94	4081	67	994	22	1116	1902	874	19	125	161	56	0.30939226519337015	0.25806451612903225	False	72440328	72546478
265	chr17	72449917	+	chr17	72506012	-	DEL	33	1354	36	626	24	1564	1098	18	835	18	448	32	1906	867	386	35	69	36	91	0.56875	0.7165354330708661	False	72449917	72506012
266	chr17	72462685	+	chr17	72493545	-	DEL	23	1024	27	354	8	563	657	30	1526	10	344	9	538	595	272	20	50	40	37	0.42528735632183906	0.4805194805194805	False	72462685	72493545
267	chr17	72495501	+	chr17	72518626	-	DEL	27	1050	25	354	12	826	640	72	2975	50	940	15	896	1458	446	13	52	122	40	0.43478260869565216	0.24691358024691357	False	72495501	72518626
268	chr17	72522081	+	chr17	72552557	-	DEL	62	2951	42	854	23	1415	1406	81	3101	72	1358	20	1155	2443	900	23	104	153	66	0.38823529411764707	0.3013698630136986	False	72522081	72552557
269	chr17	72533938	+	chr17	72694128	-	DEL	30	1422	41	578	17	954	985	188	7897	133	1904	16	986	3315	1044	26	71	321	59	0.45384615384615384	0.15526315789473685	False	72533938	72694128
337	chr17	72537683	-	chr19	38725774	-	INTRX	31	1365	35	710	41	2500	1360	213	8934	156	2464	49	2970	4103	1050	47	66	369	137	0.6748768472906403	0.2707509881422925	False	72537683	38725774
270	chr17	72675346	-	chr17	76646951	+	DUP	129	6246	103	1582	10	386	2549	90	4133	65	994	10	558	1713	834	17	232	155	37	0.137546468401487	0.19270833333333334	False	72675346	76646951
271	chr17	75764932	+	chr17	78195048	-	DEL	113	4793	116	1540	5	203	2574	88	3731	59	1158	7	226	1937	1008	18	229	147	30	0.11583011583011583	0.1694915254237288	False	75764932	78195048
272	chr17	76535956	-	chr17	76604805	+	DUP	92	3686	104	1568	24	1348	2601	72	3395	55	1028	25	1979	2151	1216	14	196	127	63	0.24324324324324326	0.33157894736842103	False	76535956	76604805
273	chr17	82443766	+	chr17	82527182	-	DEL	41	1692	37	650	18	949	1147	20	838	21	542	14	881	1072	544	18	78	41	50	0.390625	0.5494505494505495	False	82443766	82527182
274	chr18	1663261	+	chr18	1782217	-	DEL	68	2787	51	796	11	703	1325	67	2747	58	960	12	832	1465	534	10	119	125	33	0.21710526315789475	0.2088607594936709	False	1663261	1782217
342	chr18	1816738	+	chr19	30578667	-	INTRX	67	3134	64	852	25	1524	1296	169	7394	207	2386	20	1123	3603	906	10	131	376	55	0.2956989247311828	0.12761020881670534	False	1816738	30578667
275	chr18	80007599	+	chr18	80097645	-	DEL	45	1919	32	734	7	351	1185	43	1742	30	610	5	439	1077	488	15	77	73	27	0.25961538461538464	0.27	False	80007599	80097645
276	chr19	5181306	+	chr19	5182734	-	DEL	21	755	21	460	7	594	1068	63	2736	41	720	10	560	1231	566	17	42	104	34	0.4473684210526316	0.2463768115942029	False	5181306	5182734
277	chr19	9437219	+	chr19	9583957	-	DEL	54	2195	57	776	14	834	1423	68	2783	43	736	11	753	1388	668	15	111	111	40	0.26490066225165565	0.26490066225165565	False	9437219	9583957
278	chr19	12265020	+	chr19	12314218	-	DEL	45	1748	12	596	0	0	1130	28	1162	13	520	17	731	1130	568	34	57	41	51	0.4722222222222222	0.5543478260869565	False	12265020	12314217
279	chr19	12984933	+	chr19	13057759	-	DEL	46	2138	24	804	17	995	1424	45	1627	29	622	18	1185	1116	622	35	70	74	70	0.5	0.4861111111111111	False	12984933	13057759
280	chr19	24345787	+	chr19	29085396	+	INV	86	3876	60	1082	0	0	1915	171	7471	156	2388	0	0	3916	1372	23	146	327	23	0.13609467455621302	0.06571428571428571	False	24345753	29085396
366	chr19	24395216	-	chrX	2308162	+	INTRX	119	5454	99	1906	25	982	3025	174	7642	160	2060	0	0	3769	1418	45	218	334	70	0.24305555555555555	0.17326732673267325	False	24395214	2308162
281	chr19	27448256	+	chr19	37791409	-	DEL	36	1600	24	578	14	859	1182	200	8636	131	2768	31	1471	4588	1262	31	60	331	76	0.5588235294117647	0.18673218673218672	False	27448256	37791409
282	chr19	27719133	-	chr19	27809301	-	INV	63	2690	46	902	24	1161	1721	74	3506	55	916	15	781	1578	758	60	109	129	99	0.47596153846153844	0.4342105263157895	False	27719133	27809301
283	chr19	28696279	-	chr19	29623878	-	INV	65	2724	36	1010	5	129	1697	142	5984	129	1926	3	125	3079	1044	23	101	271	31	0.23484848484848486	0.10264900662251655	False	28696279	29623878
284	chr19	28831543	+	chr19	34932396	-	DEL	91	3439	79	1168	17	1096	1964	56	2354	41	814	21	1125	1459	722	24	170	97	62	0.2672413793103448	0.389937106918239	False	28831543	34932396
285	chr19	28886399	-	chr19	30816218	+	DUP	76	3303	63	1614	77	5013	3100	27	973	3	1528	56	3796	4402	2368	149	139	30	282	0.669833729216152	0.9038461538461539	False	28886399	30816216
286	chr19	29778307	-	chr19	29780175	-	INV	181	7713	139	2438	12	894	3928	178	7668	187	2666	18	841	4497	1878	27	320	365	57	0.15119363395225463	0.13507109004739337	False	29778307	29780175
287	chr19	38156039	+	chr19	56793043	+	INV	184	7633	160	2564	2	66	4202	51	2432	40	650	0	0	1218	1156	25	344	91	27	0.07277628032345014	0.2288135593220339	False	38155974	56793043
288	chr19	38220956	+	chr19	39690563	-	DEL	167	7222	188	2406	15	807	4172	164	7234	175	2520	12	750	4216	1834	10	355	339	37	0.09438775510204081	0.09840425531914894	False	38220956	39690563
289	chr19	39835297	+	chr19	39836147	+	INV	167	7722	135	2290	0	0	4020	65	2942	33	1162	0	0	2184	1246	12	302	98	12	0.03821656050955414	0.10909090909090909	False	39835297	39836147
290	chr19	52922240	-	chr19	52971080	+	DUP	50	2185	34	840	2	113	1446	59	2386	61	764	8	289	1326	596	32	84	120	42	0.3333333333333333	0.25925925925925924	False	52922240	52971080
291	chr19	55298804	-	chr19	55504727	+	DUP	88	3934	68	958	13	999	1938	91	4349	78	1140	14	866	1984	864	37	156	169	64	0.2909090909090909	0.27467811158798283	False	55298804	55504727
292	chr19	57667213	+	chr19	57854075	-	DEL	56	2487	43	608	0	0	984	35	1565	28	562	17	1260	982	430	20	99	63	37	0.27205882352941174	0.37	False	57667213	57854074
293	chr20	14009494	-	chr20	14017721	+	DUP	66	2901	71	976	11	505	1615	63	2948	57	842	6	483	1348	614	15	137	120	32	0.1893491124260355	0.21052631578947367	False	14009494	14017721
294	chr20	14747626	+	chr20	15035760	-	DEL	59	2379	58	850	15	1027	1372	57	2615	44	740	11	544	1254	588	12	117	101	38	0.24516129032258063	0.2733812949640288	False	14747626	15035760
295	chr20	30252137	+	chr20	30253234	-	DEL	64	2571	61	926	5	365	1489	99	4299	32	998	9	332	1646	520	10	125	131	24	0.1610738255033557	0.15483870967741936	False	30252137	30253234
296	chr21	39215423	+	chr21	39235196	+	INV	94	3990	83	1214	8	812	1961	79	3341	55	900	12	589	1456	682	31	177	134	51	0.2236842105263158	0.2756756756756757	False	39215423	39235196
297	chr21	39215677	+	chr21	39235386	+	INV	94	4276	72	1168	2	52	1911	63	2373	52	904	0	0	1434	720	16	166	115	18	0.09782608695652174	0.13533834586466165	False	39215544	39235276
298	chr22	22048500	-	chr22	23189275	+	DUP	72	3458	51	1114	36	2601	1996	105	4356	71	1464	32	1908	2501	962	59	123	176	127	0.508	0.41914191419141916	False	22048500	23189275
299	chr22	22374963	+	chr22	22426815	-	DEL	36	1453	135	1762	81	5575	3757	132	5113	127	1836	18	873	2895	1486	9	171	259	108	0.3870967741935484	0.29427792915531337	False	22374899	22426814
300	chr22	28207311	+	chr22	28247024	-	DEL	68	2697	45	842	26	1746	1463	39	1839	49	814	30	1720	1330	584	25	113	88	81	0.4175257731958763	0.47928994082840237	False	28207311	28247024
301	chr22	28827249	+	chr22	29071286	-	DEL	67	2716	81	1050	11	464	1749	66	2863	34	1002	8	661	1819	916	19	148	100	38	0.20430107526881722	0.2753623188405797	False	28827249	29071286
302	chr22	35889270	+	chr22	36055476	-	DEL	28	1275	13	494	26	1706	835	11	437	10	416	26	1796	812	374	32	41	21	84	0.672	0.8	False	35889270	36055476
303	chr22	37600111	+	chr22	37964067	-	DEL	23	949	9	480	8	198	936	47	1842	34	606	3	52	1102	484	22	32	81	33	0.5076923076923077	0.2894736842105263	False	37600111	37964067
304	chr22	38550840	+	chr22	38633563	-	DEL	23	1199	17	412	8	337	884	42	1904	43	526	11	556	978	452	12	40	85	31	0.43661971830985913	0.2672413793103448	False	38550840	38633563
305	chrX	435034	+	chrX	1865870	-	DEL	135	6298	148	1994	1	23	3400	211	9445	154	2756	1	12	4733	1804	7	283	365	9	0.030821917808219176	0.02406417112299465	False	434897	1865879
306	chrX	1655427	+	chrX	1865847	+	INV	155	6634	95	1714	11	529	2942	209	8997	159	2764	6	468	4741	1738	22	250	368	39	0.13494809688581316	0.09582309582309582	False	1655427	1865847
307	chrX	1713340	-	chrX	1727018	+	DUP	140	6238	111	1784	34	2192	3130	165	7117	145	2216	6	168	3605	1394	36	251	310	76	0.2324159021406728	0.19689119170984457	False	1713340	1727018
308	chrX	1717739	-	chrX	1728989	-	INV	161	6849	129	2056	16	1065	3488	141	6069	71	1958	17	1022	3768	1832	46	290	212	79	0.2140921409214092	0.27147766323024053	False	1717739	1728996
309	chrX	1781402	-	chrX	1866397	+	DUP	221	9769	149	2624	17	558	4501	184	7783	122	2596	1	13	4597	2128	22	370	306	40	0.0975609756097561	0.11560693641618497	False	1781401	1866402
310	chrX	2699789	+	chrX	2700874	+	INV	170	6886	109	1814	0	0	3311	51	2246	52	1216	0	0	2473	1270	6	279	103	6	0.021052631578947368	0.05504587155963303	False	2699789	2700771
311	chrX	5833220	-	chrX	7161257	+	DUP	31	1238	20	530	3	286	997	53	2281	41	674	0	0	1107	450	26	51	94	29	0.3625	0.23577235772357724	False	5833219	7161257
312	chrX	9521867	+	chrX	9541878	-	DEL	30	1037	23	462	0	0	852	39	1650	24	468	10	500	779	364	15	53	63	25	0.32051282051282054	0.2840909090909091	False	9521867	9541877
313	chrX	13642082	-	chrX	13682903	+	DUP	74	3343	36	630	0	0	1224	45	1717	35	692	0	0	1180	536	19	110	80	19	0.14728682170542637	0.1919191919191919	False	13642082	13682903
314	chrX	26895228	+	chrX	27068660	-	DEL	18	648	18	314	6	269	590	21	879	23	366	3	237	648	298	14	36	44	23	0.3898305084745763	0.34328358208955223	False	26895228	27068660
315	chrX	55911997	+	chrX	56222028	-	DEL	38	1688	26	404	0	0	672	25	1110	30	510	15	1015	933	352	24	64	55	39	0.3786407766990291	0.4148936170212766	False	55911997	56222026
316	chrX	77745095	+	chrX	77746251	-	DEL	15	884	9	222	7	383	457	13	486	2	200	6	579	355	172	27	24	15	40	0.625	0.7272727272727273	False	77745095	77746251
317	chrX	131740085	-	chrX	132563132	-	INV	22	1005	26	472	7	329	721	33	1450	29	434	7	478	698	262	7	48	62	21	0.30434782608695654	0.25301204819277107	False	131740085	132563132
