ID	chr1	pos1	dir1	chr2	pos2	dir2	classification	split_norm1	norm_olap_bp1	span_norm1	win_norm1	split1	sc_bases1	total_reads1	split_norm2	norm_olap_bp2	span_norm2	win_norm2	split2	sc_bases2	total_reads2	anomalous	spanning	norm1	norm2	support	vaf1	vaf2	original_ID	original_pos1	original_pos2
1	chr1	1649051	+	chr1	1745954	-	DEL	84	3430	66	1080	0	0	1929	73	3286	40	950	4	247	1718	878	14	150	113	18	0.10714285714285714	0.13740458015267176	False	1649051	1745953
2	chr1	15850778	+	chr1	15899038	-	DEL	67	2996	38	914	0	0	1530	79	3333	34	858	26	1453	1699	712	45	105	113	71	0.4034090909090909	0.3858695652173913	False	15850778	15899037
3	chr1	15904254	+	chr1	15905564	-	DEL	62	2754	27	850	22	682	1656	62	2444	43	858	16	1128	1559	722	40	89	105	78	0.46706586826347307	0.4262295081967213	False	15904254	15905564
4	chr1	21061742	+	chr1	21078409	-	DEL	63	2556	56	860	8	463	1562	69	3161	66	1072	10	757	1772	762	15	119	135	33	0.21710526315789475	0.19642857142857142	False	21061742	21078409
5	chr1	27432275	+	chr1	27585874	-	DEL	78	3507	58	978	6	356	1787	73	3353	60	1026	9	570	1755	880	15	136	133	30	0.18072289156626506	0.18404907975460122	False	27432275	27585880
6	chr1	35183852	+	chr1	35184826	-	DEL	45	1855	49	910	19	1269	1525	68	3224	51	912	19	1292	1480	518	28	94	119	66	0.4125	0.3567567567567568	False	35183852	35184826
52	chr1	41268250	+	chr3	1596856	-	INTRX	78	3366	82	1194	19	990	1996	211	8908	223	3188	18	1245	5119	1614	3	160	434	40	0.2	0.08438818565400844	False	41268250	1596856
7	chr1	55156351	+	chr1	55158510	-	DEL	48	2246	42	878	8	585	1429	42	1846	57	950	10	450	1546	588	36	90	99	54	0.375	0.35294117647058826	False	55156351	55158510
8	chr1	58449697	-	chr1	58660435	+	DUP	88	3659	106	1388	7	325	2206	66	2701	87	1182	8	594	1915	812	26	194	153	41	0.17446808510638298	0.211340206185567	False	58449697	58660435
9	chr1	77709923	+	chr1	77939114	-	DEL	40	1583	53	838	7	657	1478	52	2146	40	814	10	469	1328	614	25	93	92	42	0.3111111111111111	0.31343283582089554	False	77709912	77939114
10	chr1	77728686	+	chr1	77941196	-	DEL	53	2550	35	758	6	403	1296	57	2338	52	930	5	249	1496	606	24	88	109	35	0.2845528455284553	0.24305555555555555	False	77728686	77941196
11	chr1	78011379	+	chr1	78015272	-	DEL	64	2951	41	938	9	453	1554	79	3532	47	980	10	776	1643	678	17	105	126	36	0.2553191489361702	0.2222222222222222	False	78011379	78015272
58	chr1	84052285	+	chr10	108142776	-	INTRX	10	427	21	738	19	1309	2044	81	3238	45	986	0	0	1759	932	9	31	126	28	0.4745762711864407	0.18181818181818182	False	84052277	108142905
12	chr1	107586198	+	chr1	107588586	-	DEL	65	2642	71	940	4	109	1505	78	3582	76	1086	3	232	1693	650	13	136	154	20	0.1282051282051282	0.11494252873563218	False	107586198	107588586
13	chr1	151094135	-	chr1	186235167	+	DUP	91	4152	89	950	16	934	2095	141	6340	146	2080	14	733	3420	1228	25	180	287	55	0.23404255319148937	0.1608187134502924	False	151094135	186235167
14	chr1	151785479	-	chr1	151891029	+	DUP	110	4614	78	1478	5	287	2463	152	6791	113	1900	7	512	3110	1192	20	188	265	32	0.14545454545454545	0.10774410774410774	False	151785479	151891029
15	chr1	151881621	-	chr1	152850410	+	DUP	112	4654	167	1924	7	491	3058	120	4791	106	1604	8	439	2571	1112	28	279	226	43	0.13354037267080746	0.15985130111524162	False	151881621	152850410
16	chr1	151946006	-	chr1	152056098	+	DUP	146	6661	157	2202	40	2387	3631	158	6873	119	2258	44	3260	3931	1604	85	303	277	169	0.3580508474576271	0.3789237668161435	False	151946006	152056098
17	chr1	151984106	-	chr1	152503605	+	DUP	198	8300	171	2620	6	329	4293	146	6277	171	2076	6	462	3464	1736	13	369	317	25	0.06345177664974619	0.07309941520467836	False	151984106	152503605
18	chr1	152038992	-	chr1	187093330	+	DUP	273	12729	201	3198	12	534	5019	100	4307	102	1524	12	949	2376	1410	20	474	202	44	0.08494208494208494	0.17886178861788618	False	152038992	187093330
70	chr1	152223167	+	chr19	39480085	+	INTRX;HIDEP	0	0	0	0	0	0	0	0	0	0	0	0	0	0	0	0	0	0	0	0.0	0.0	False	152223085	39480094
64	chr1	152450385	-	chr17	42029011	-	INTRX	178	7082	131	2266	28	1436	3700	66	2729	73	986	26	1173	1587	1056	15	309	139	69	0.18253968253968253	0.3317307692307692	False	152450385	42029011
19	chr1	152504688	+	chr1	152505161	-	DEL	134	5860	129	1982	23	1730	3363	147	6565	155	1996	20	1241	3300	1086	1	263	302	44	0.14332247557003258	0.12716763005780346	False	152504688	152505161
20	chr1	155115466	-	chr1	155145562	-	INV	121	5039	106	1846	7	319	2883	93	3187	81	1442	6	506	2497	1210	13	227	174	26	0.10276679841897234	0.13	False	155115466	155145562
21	chr1	155129539	+	chr1	155145815	+	INV	148	6583	109	1986	1	10	3202	126	5686	70	1396	1	28	2524	1356	13	257	196	15	0.05514705882352941	0.07109004739336493	False	155129539	155145806
22	chr1	155145625	+	chr1	156864388	+	INV	118	5471	70	1446	0	0	2488	119	5116	118	1714	0	0	2627	1134	27	188	237	27	0.12558139534883722	0.10227272727272728	False	155145625	156864388
23	chr1	155831839	-	chr1	161753432	+	DUP	105	4341	73	1306	6	311	2492	140	6195	104	1872	5	345	3038	1246	16	178	244	27	0.13170731707317074	0.0996309963099631	False	155831839	161753432
24	chr1	162400555	+	chr1	162781181	+	INV	143	7122	57	1708	0	0	2856	124	5330	92	1416	0	0	2270	1114	15	200	216	15	0.06976744186046512	0.06493506493506493	False	162400416	162781181
60	chr1	163095572	+	chr13	62019216	-	INTRX	63	2874	61	1048	12	702	1826	29	1314	26	434	9	549	869	636	4	124	55	25	0.16778523489932887	0.3125	False	163095572	62019216
57	chr1	179007321	+	chr8	43878217	+	INTRX	71	2924	69	980	1	88	1605	77	3241	80	1068	0	0	1822	834	17	140	157	18	0.11392405063291139	0.10285714285714286	False	179007314	43878217
65	chr1	181338521	-	chr17	67375427	+	INTRX	53	2466	54	1076	40	2113	1832	102	4560	38	1788	37	2295	3367	1216	32	107	140	109	0.5046296296296297	0.43775100401606426	False	181338521	67375427
66	chr1	182450747	-	chr17	34634735	+	INTRX	121	5255	106	1280	26	1663	2349	119	5555	87	1532	25	1700	2462	1066	14	227	206	65	0.2226027397260274	0.23985239852398524	False	182450747	34634735
71	chr1	184093547	-	chr19	27778494	+	INTRX	144	6552	97	1844	29	1760	2898	71	3049	64	1200	33	1639	2061	940	22	241	135	84	0.25846153846153846	0.3835616438356164	False	184093547	27778494
59	chr1	184103154	+	chr11	56968666	+	INTRX;HIDEP	0	0	0	0	0	0	0	0	0	0	0	0	0	0	0	0	0	0	0	0.0	0.0	False	184103154	56968666
25	chr1	184156148	+	chr1	184160221	+	INV	277	11828	298	3908	2	60	6030	231	10446	235	3648	0	0	5706	2274	15	575	466	17	0.028716216216216218	0.035196687370600416	False	184156137	184160221
72	chr1	184368928	+	chr19	39285916	+	INTRX	228	9472	198	3358	2	38	5438	264	11245	247	3844	0	0	5837	2358	14	426	511	16	0.03619909502262444	0.030360531309297913	False	184368803	39285916
26	chr1	184422867	-	chr1	247236937	-	INV	294	12989	271	3702	15	1047	5821	81	3653	66	1170	24	972	1921	1558	48	565	147	87	0.1334355828220859	0.3717948717948718	False	184422867	247236937
55	chr1	184542320	+	chr6	106943289	+	INTRX	277	12046	251	3830	21	1280	5898	64	2613	70	888	23	1555	1467	1500	15	528	134	59	0.10051107325383304	0.30569948186528495	False	184542320	106943289
27	chr1	184877180	-	chr1	185698968	+	DUP	220	10063	227	3390	2	205	5457	278	11420	232	3306	4	93	5517	2296	11	447	510	17	0.036637931034482756	0.03225806451612903	False	184877180	185698968
61	chr1	184905760	-	chr13	19475921	+	INTRX	292	12073	247	3770	15	1164	6257	70	2837	56	970	18	970	1540	1540	15	539	126	48	0.0817717206132879	0.27586206896551724	False	184905760	19475921
62	chr1	184965364	-	chr13	18917881	+	INTRX;HIDEP	0	0	0	0	0	0	0	0	0	0	0	0	0	0	0	0	0	0	0	0.0	0.0	False	184965364	18917881
28	chr1	185290523	+	chr1	185426864	-	DEL	328	14157	193	3816	3	254	5834	283	11998	264	4018	3	196	6292	2432	0	521	547	6	0.011385199240986717	0.0108499095840868	False	185290522	185426864
29	chr1	185333120	-	chr1	190254587	+	DUP	303	13270	210	3502	6	394	6224	124	5279	124	1664	5	249	2787	1932	20	513	248	31	0.05698529411764706	0.1111111111111111	False	185333120	190254587
30	chr1	185335535	+	chr1	185343860	-	DEL	173	7506	129	2652	79	4926	4904	113	5043	199	2684	71	4456	4947	2256	138	302	312	288	0.488135593220339	0.48	False	185335535	185343860
31	chr1	185459782	-	chr1	190254148	-	INV;HIDEP	0	0	0	0	0	0	0	0	0	0	0	0	0	0	0	0	0	0	0	0.0	0.0	False	185459786	190254152
32	chr1	185464682	+	chr1	185472635	-	DEL;HIDEP	0	0	0	0	0	0	0	0	0	0	0	0	0	0	0	0	0	0	0	0.0	0.0	False	185464682	185472635
33	chr1	185577018	-	chr1	185895174	-	INV;HIDEP	0	0	0	0	0	0	0	0	0	0	0	0	0	0	0	0	0	0	0	0.0	0.0	False	185577018	185895174
34	chr1	185596933	-	chr1	185826523	-	INV;HIDEP	0	0	0	0	0	0	0	0	0	0	0	0	0	0	0	0	0	0	0	0.0	0.0	False	185596933	185826523
35	chr1	185604333	+	chr1	185607335	+	INV;HIDEP	0	0	0	0	0	0	0	0	0	0	0	0	0	0	0	0	0	0	0	0.0	0.0	False	185604201	185607335
36	chr1	185617890	+	chr1	190393840	+	INV	247	10443	222	3286	0	0	5453	59	2780	55	1148	0	0	1966	1678	64	469	114	64	0.1200750469043152	0.3595505617977528	False	185617890	190393788
37	chr1	185668650	-	chr1	185669834	-	INV	253	10981	238	3450	13	987	5463	262	10701	253	3712	14	727	5877	2002	7	491	515	34	0.06476190476190476	0.061930783242258654	False	185668650	185669834
38	chr1	186121827	-	chr1	186233796	-	INV	161	7081	127	1940	11	802	3134	146	6454	131	2038	12	858	3190	1268	27	288	277	50	0.14792899408284024	0.1529051987767584	False	186121827	186233806
39	chr1	186230228	+	chr1	186235579	-	DEL	133	5580	135	1920	16	1002	3050	161	6995	107	2254	17	1143	3566	1272	14	268	268	47	0.1492063492063492	0.1492063492063492	False	186230228	186235579
67	chr1	186255650	+	chr18	25736425	-	INTRX	129	5492	97	1632	50	3473	2764	108	4829	71	1574	56	3680	2502	1004	46	226	179	152	0.4021164021164021	0.459214501510574	False	186255650	25736425
73	chr1	187653967	+	chr19	30716046	-	INTRX;HIDEP	0	0	0	0	0	0	0	0	0	0	0	0	0	0	0	0	0	0	0	0.0	0.0	False	187653961	30716046
40	chr1	189132744	-	chr1	189224782	-	INV	65	2651	67	1164	44	3027	2078	75	3130	68	1212	39	2092	2315	1002	91	132	143	174	0.5686274509803921	0.5488958990536278	False	189132744	189224782
41	chr1	189148304	+	chr1	189282131	-	DEL	56	2238	50	994	25	1299	1781	108	5014	121	1776	22	1404	2899	1052	51	106	229	98	0.4803921568627451	0.2996941896024465	False	189148304	189282131
68	chr1	189290884	+	chr18	26314565	+	INTRX	147	6270	104	1834	74	4740	3086	80	3284	57	1238	68	4304	2296	1118	44	251	137	186	0.425629290617849	0.5758513931888545	False	189290884	26314565
42	chr1	189461862	+	chr1	193128466	-	DEL	77	3324	49	1046	0	0	1809	73	3103	78	1170	35	2332	2110	892	58	126	151	93	0.4246575342465753	0.38114754098360654	False	189461739	193128464
43	chr1	190084819	-	chr1	190118926	-	INV	69	2701	61	1154	31	1925	2266	62	2971	45	1196	35	2383	2145	1034	94	130	107	160	0.5517241379310345	0.599250936329588	False	190084819	190118926
44	chr1	190099280	+	chr1	195241621	-	DEL	56	2584	68	1276	62	3159	2239	149	7004	127	2170	51	3420	3606	1278	60	124	276	173	0.5824915824915825	0.38530066815144765	False	190099280	195241621
63	chr1	196705039	-	chr13	111458682	+	INTRX	186	8010	202	2592	22	1594	4074	79	3157	75	1156	22	1490	1775	1214	10	388	154	54	0.12217194570135746	0.25961538461538464	False	196705039	111458682
45	chr1	196716233	+	chr1	196719750	+	INV	191	8282	132	2208	7	483	3538	126	5876	121	1960	8	354	3136	1432	19	323	247	34	0.09523809523809523	0.12099644128113879	False	196716233	196719750
53	chr1	197702767	+	chr4	152690789	+	INTRX	92	4376	88	1412	1	26	2493	73	3453	65	980	0	0	1843	1020	67	180	138	68	0.27419354838709675	0.3300970873786408	False	197702633	152690789
54	chr1	198277176	-	chr4	107573763	+	INTRX	107	4230	86	1598	73	4187	2589	88	3687	56	1248	72	4754	2165	866	58	193	144	203	0.5126262626262627	0.5850144092219021	False	198277176	107573763
46	chr1	201232828	-	chr1	201234733	-	INV	159	6432	110	2048	21	1158	3641	235	9874	174	2608	25	1364	4357	1850	23	269	409	69	0.20414201183431951	0.14435146443514643	False	201232828	201234733
74	chr1	201444843	+	chr19	30624093	-	INTRX	82	3197	94	1894	195	11537	3517	196	8442	160	3498	201	12746	6022	1836	154	176	356	550	0.7575757575757576	0.6070640176600441	False	201444843	30624093
47	chr1	202135018	+	chr1	202135392	-	DEL	67	2891	68	866	16	1256	1519	43	1925	35	900	22	1018	1539	512	0	135	78	38	0.21965317919075145	0.3275862068965517	False	202135018	202135392
69	chr1	207199615	+	chr18	1182884	+	INTRX	72	3137	85	1044	0	0	1700	143	6830	135	2416	0	0	4084	1286	43	157	278	43	0.215	0.13395638629283488	False	207199615	1182884
48	chr1	208097534	+	chr1	208167579	-	DEL	42	1872	35	788	21	1641	1285	52	2235	61	830	21	1087	1318	516	43	77	113	85	0.5246913580246914	0.4292929292929293	False	208097534	208167579
49	chr1	220673559	-	chr1	221027917	+	DUP	68	3004	55	992	14	1017	1622	77	3552	67	1046	14	865	1697	684	25	123	144	53	0.30113636363636365	0.26903553299492383	False	220673559	221027917
75	chr1	223890331	-	chr19	30202477	+	INTRX	81	3370	79	1200	21	604	1958	209	9178	157	2880	40	2122	4639	1318	40	160	366	101	0.38697318007662834	0.21627408993576017	False	223890331	30202477
50	chr1	228187700	-	chr1	230598581	+	DUP	89	4392	63	1158	8	697	2018	86	3577	96	1228	9	516	1887	816	15	152	182	32	0.17391304347826086	0.14953271028037382	False	228187707	230598581
56	chr1	234028936	-	chr7	61069254	-	INTRX	91	3969	82	1204	24	1556	1944	58	2808	37	850	21	1560	2146	980	20	173	95	65	0.27310924369747897	0.40625	False	234028936	61069254
51	chr1	235643644	+	chr1	246263865	-	DEL	85	3684	66	1196	13	837	1925	52	2044	63	1034	15	1082	1594	762	9	151	115	37	0.19680851063829788	0.24342105263157895	False	235643644	246263865
52	chr1	246731467	+	chr1	246732956	+	INV	108	4807	132	1350	0	0	2253	96	3832	54	1000	0	0	1723	862	24	240	150	24	0.09090909090909091	0.13793103448275862	False	246731467	246732956
53	chr2	6707009	+	chr2	25284878	-	DEL	87	3542	65	1030	6	282	1710	93	3312	84	1338	7	300	2347	860	24	152	177	37	0.19576719576719576	0.17289719626168223	False	6707009	25284878
366	chr2	20172550	+	chr19	37807878	+	INTRX	92	4123	83	1438	20	1169	2233	219	9262	182	3024	22	1301	4925	1436	18	175	401	60	0.2553191489361702	0.1301518438177874	False	37807878	20172544
54	chr2	20301952	+	chr2	20331704	-	DEL	97	4547	56	1142	12	793	1829	72	3055	43	972	14	1062	1735	784	21	153	115	47	0.235	0.29012345679012347	False	20301952	20331704
106	chr2	35608151	-	chr22	28669579	+	INTRX	54	2217	63	1044	36	2226	1940	92	3850	74	1200	37	2371	2197	920	12	117	166	85	0.4207920792079208	0.3386454183266932	False	35608151	28669579
55	chr2	38579065	+	chr2	38804691	-	DEL	82	3420	59	1076	17	1130	1750	67	3184	40	1106	17	1246	1998	814	9	141	107	43	0.23369565217391305	0.2866666666666667	False	38579065	38804691
56	chr2	39170552	+	chr2	39289190	-	DEL	96	4072	67	986	6	357	1867	94	3835	78	1348	7	584	2104	844	22	163	172	35	0.17676767676767677	0.16908212560386474	False	39170552	39289190
57	chr2	53537965	+	chr2	53539243	-	DEL	77	3282	36	1128	8	655	2035	79	3560	82	1146	10	591	2022	894	8	113	161	26	0.18705035971223022	0.13903743315508021	False	53537965	53539243
58	chr2	53540235	+	chr2	53545557	-	DEL	79	3426	49	1026	9	661	1887	118	4890	81	1344	8	532	2015	792	14	128	199	31	0.1949685534591195	0.13478260869565217	False	53540235	53545557
59	chr2	61331593	+	chr2	61381397	-	DEL	63	2517	77	1114	0	0	1830	83	3426	55	1166	7	477	1964	838	20	140	138	27	0.16167664670658682	0.16363636363636364	False	61331593	61381397
367	chr2	72378837	+	chr19	39373687	-	INTRX;HIDEP	0	0	0	0	0	0	0	0	0	0	0	0	0	0	0	0	0	0	0	0.0	0.0	False	39373687	72378837
60	chr2	72378849	-	chr2	72393722	-	INV	65	2921	71	1218	14	638	2119	64	2582	45	1130	7	510	2002	960	44	136	109	65	0.32338308457711445	0.3735632183908046	False	72378849	72393722
61	chr2	72384748	-	chr2	72390031	-	INV	57	2671	90	978	11	973	1581	88	3829	83	1108	13	641	1774	664	19	147	171	43	0.22631578947368422	0.20093457943925233	False	72384748	72390031
62	chr2	72431125	+	chr2	219769401	+	INV	71	2821	63	1246	0	0	1948	81	3726	79	1068	0	0	1754	808	23	134	160	23	0.1464968152866242	0.12568306010928962	False	72431125	219769401
63	chr2	78774410	+	chr2	152030307	-	DEL	57	2438	59	984	7	208	1601	77	2965	74	1222	8	512	1940	768	12	116	151	27	0.1888111888111888	0.15168539325842698	False	78774410	152030307
64	chr2	84674549	+	chr2	85000558	-	DEL	62	3117	38	896	5	359	1443	66	2605	60	810	7	319	1385	634	19	100	126	31	0.2366412213740458	0.19745222929936307	False	84674549	85000558
65	chr2	96184206	-	chr2	191556343	+	DUP	78	2989	81	1138	28	1891	1863	86	3775	91	1408	32	1990	2210	792	50	159	177	110	0.40892193308550184	0.3832752613240418	False	96184206	191556343
66	chr2	100497577	+	chr2	181187559	+	INV	83	3656	50	892	9	614	1848	113	5087	96	1396	11	673	2391	1178	16	133	209	36	0.21301775147928995	0.1469387755102041	False	100497577	181187559
67	chr2	100513880	+	chr2	181184166	-	DEL	90	4519	72	1048	8	734	1695	138	6176	117	1548	9	499	2621	956	4	162	255	21	0.11475409836065574	0.07608695652173914	False	100513880	181184166
68	chr2	100669426	-	chr2	103272151	+	DUP	77	3112	53	1090	5	458	1751	66	2653	67	1000	6	302	1799	766	16	130	133	27	0.17197452229299362	0.16875	False	100669426	103272151
69	chr2	100682303	-	chr2	181186795	+	DUP	94	3902	71	1272	7	421	2251	104	4646	86	1522	7	502	2629	1180	15	165	190	29	0.14948453608247422	0.1324200913242009	False	100682303	181186795
70	chr2	103271770	-	chr2	182163300	-	INV	73	2986	74	1136	1	121	1935	107	4758	97	1542	6	137	2461	924	8	147	204	15	0.09259259259259259	0.0684931506849315	False	103271770	182163300
71	chr2	158853095	-	chr2	158873909	+	DUP	92	3963	81	1272	0	0	2071	101	3786	123	1426	1	50	2268	992	8	173	224	9	0.04945054945054945	0.03862660944206009	False	158853095	158873902
72	chr2	159776059	+	chr2	160374231	-	DEL	30	908	66	1030	10	449	2027	92	4046	95	1274	10	616	2148	882	16	96	187	36	0.2727272727272727	0.16143497757847533	False	159776059	160374231
73	chr2	160341097	+	chr2	160348104	-	DEL	46	2149	49	902	19	1471	1527	57	2742	52	858	24	1469	1497	660	37	95	109	80	0.45714285714285713	0.42328042328042326	False	160341097	160348104
74	chr2	181184302	-	chr2	181184700	-	INV	110	5138	133	1542	7	649	2656	93	3436	77	1574	9	414	2688	822	0	243	170	16	0.06177606177606178	0.08602150537634409	False	181184302	181184700
75	chr2	181187674	-	chr2	182165015	+	DUP	89	3774	107	1382	2	195	2408	129	5754	88	1526	0	0	2780	1320	7	196	217	9	0.04390243902439024	0.03982300884955752	False	181187673	182165015
357	chr2	181877283	+	chr18	32218222	+	INTRX	99	4197	77	1290	0	0	2121	85	3776	58	1052	0	0	1684	770	16	176	143	16	0.08333333333333333	0.10062893081761007	False	32218140	181877283
76	chr2	182165851	+	chr2	182166231	-	DEL	132	5712	87	1586	3	177	2790	84	3366	93	1636	5	200	2823	900	0	219	177	8	0.03524229074889868	0.043243243243243246	False	182165851	182166231
104	chr2	182311950	-	chr6	35352037	-	INTRX	108	4617	144	1920	28	1947	3080	92	3819	56	1210	33	1697	2282	1134	22	252	148	83	0.24776119402985075	0.3593073593073593	False	182311950	35352037
77	chr2	182324864	+	chr2	182328015	+	INV	161	6520	142	2008	1	23	3210	158	7189	146	2024	0	0	3043	1294	26	303	304	27	0.08181818181818182	0.08157099697885196	False	182324858	182328015
78	chr2	185527502	+	chr2	185806882	-	DEL	79	3561	73	1270	5	338	2066	82	3683	77	1236	5	183	1999	856	18	152	159	28	0.15555555555555556	0.1497326203208556	False	185527502	185806882
79	chr2	197440819	-	chr2	200488820	+	DUP	103	4911	63	1156	15	967	2162	74	2833	67	1126	18	1212	1933	940	17	166	141	50	0.23148148148148148	0.2617801047120419	False	197440819	200488820
105	chr2	206470274	+	chr8	134070563	-	INTRX	77	3429	49	1032	0	0	1740	119	4960	41	1228	19	1226	3652	1230	0	126	160	19	0.1310344827586207	0.10614525139664804	False	206470274	134070562
80	chr2	233748060	-	chr2	233907745	+	DUP	91	4017	72	1204	21	1249	1989	85	3852	66	1086	20	1431	1971	886	72	163	151	113	0.40942028985507245	0.42803030303030304	False	233748060	233907745
81	chr3	11853	-	chr3	172131	-	INV	75	3281	18	1146	76	4338	2735	185	8025	137	2786	53	2889	4891	1762	181	93	322	310	0.7692307692307693	0.49050632911392406	False	11853	172131
82	chr3	270277	-	chr3	6685739	-	INV;HIDEP	0	0	0	0	0	0	0	0	0	0	0	0	0	0	0	0	0	0	0	0.0	0.0	False	270277	6685739
83	chr3	568011	+	chr3	2985210	-	DEL;HIDEP	0	0	0	0	0	0	0	0	0	0	0	0	0	0	0	0	0	0	0	0.0	0.0	False	568011	2985210
84	chr3	680387	+	chr3	30563611	+	INV	267	11789	263	3558	2	92	5549	49	2039	65	1042	0	0	1716	1422	38	530	114	40	0.07017543859649122	0.2597402597402597	False	680391	30563611
322	chr3	702574	+	chr17	34145799	+	INTRX	235	9967	222	3444	0	0	5466	106	4807	97	1550	0	0	2499	1700	48	457	203	48	0.09504950495049505	0.19123505976095617	False	34145799	702574
85	chr3	1903323	-	chr3	11182915	-	INV	250	10531	242	3716	12	664	5987	162	7475	113	1844	11	785	3136	1984	32	492	275	55	0.10054844606946983	0.16666666666666666	False	1903323	11182915
86	chr3	2020603	+	chr3	2022040	+	INV	271	11472	217	3306	0	0	5597	144	5922	116	1966	0	0	3565	1880	113	488	260	113	0.18801996672212978	0.30294906166219837	False	2020603	2022040
87	chr3	3811135	+	chr3	3857766	+	INV	94	3770	82	1412	0	0	2293	109	4718	70	1408	0	0	2344	1022	44	176	179	44	0.2	0.19730941704035873	False	3811135	3857766
88	chr3	3835649	+	chr3	3838103	-	DEL	84	3652	68	1220	5	377	1918	116	5026	100	1604	3	84	2530	1024	2	152	216	10	0.06172839506172839	0.04424778761061947	False	3835649	3838103
89	chr3	7105669	+	chr3	51992241	+	INV	105	4541	72	1324	0	0	2158	62	2518	65	1170	0	0	1957	934	36	177	127	36	0.16901408450704225	0.22085889570552147	False	7105669	51992241
90	chr3	7301854	-	chr3	46888447	+	DUP	96	4157	92	1340	6	288	2065	166	7667	146	1870	9	443	2950	986	15	188	312	30	0.13761467889908258	0.08771929824561403	False	7301854	46888447
137	chr3	7367269	+	chr9	124424333	+	INTRX	89	3522	64	1114	0	0	1958	90	3982	76	1174	15	1022	1905	858	18	153	166	33	0.1774193548387097	0.1658291457286432	False	7367269	124424331
91	chr3	9049389	+	chr3	9060534	-	DEL	127	5235	110	1734	25	1746	2848	104	5299	68	1534	29	1712	2761	1184	37	237	172	91	0.2774390243902439	0.34600760456273766	False	9049389	9060534
92	chr3	11183362	+	chr3	11318837	-	DEL	149	6222	131	1790	18	1400	3090	149	6100	148	2094	19	1065	3636	1554	26	280	297	63	0.1836734693877551	0.175	False	11183362	11318837
93	chr3	11308982	+	chr3	11319305	-	DEL	153	6236	125	2020	27	1634	3348	164	6496	128	2262	26	1366	3883	1648	33	278	292	86	0.23626373626373626	0.2275132275132275	False	11308982	11319305
94	chr3	11319322	+	chr3	51855573	+	INV	152	6347	149	2256	0	0	3892	83	3580	94	1494	0	0	2619	1448	42	301	177	42	0.12244897959183673	0.1917808219178082	False	11319322	51855573
95	chr3	12119584	-	chr3	12120583	-	INV	181	7688	136	2294	35	2611	3864	208	8729	199	2858	36	2133	4616	1488	11	317	407	82	0.20551378446115287	0.16768916155419222	False	12119584	12120583
241	chr3	12205007	-	chr10	75587961	-	INTRX	234	10483	197	3142	27	1717	5056	71	3077	76	1026	24	1758	1669	1386	14	431	147	65	0.1310483870967742	0.30660377358490565	False	75587961	12205007
240	chr3	12205727	-	chr10	75468515	-	INTRX	244	11288	178	3182	14	821	5291	77	3047	56	920	16	1000	1644	1548	10	422	133	40	0.08658008658008658	0.23121387283236994	False	75468515	12205727
96	chr3	18476546	-	chr3	20009533	+	DUP	101	4134	96	1482	16	923	2413	85	3475	93	1446	12	738	2322	982	38	197	178	66	0.2509505703422053	0.27049180327868855	False	18476546	20009533
389	chr3	27118597	-	chr22	45657493	+	INTRX	66	2783	83	1042	18	1209	1686	90	4142	95	1134	24	1391	1817	666	21	149	185	63	0.2971698113207547	0.2540322580645161	False	45657493	27118597
97	chr3	27557096	+	chr3	27742547	-	DEL	86	3433	70	1108	12	632	1897	83	3337	77	1268	9	443	2013	814	12	156	160	33	0.1746031746031746	0.17098445595854922	False	27557096	27742547
98	chr3	37531874	+	chr3	37686204	-	DEL	78	3389	52	942	10	539	1533	66	2756	72	1174	11	656	1925	752	19	130	138	40	0.23529411764705882	0.2247191011235955	False	37531874	37686204
320	chr3	37603216	-	chr17	30631708	+	INTRX	73	3336	35	924	32	1949	1530	100	3709	109	1592	30	1791	2577	832	19	108	209	81	0.42857142857142855	0.2793103448275862	False	30631708	37603216
321	chr3	46826530	-	chr17	31769522	-	INTRX	99	4458	77	1470	35	2245	2486	112	5010	98	1544	36	2396	2526	1008	31	176	210	102	0.3669064748201439	0.3269230769230769	False	31769522	46826530
99	chr3	46984983	+	chr3	47398907	-	DEL	116	4941	91	1698	12	488	2658	110	5004	124	1632	9	568	2613	1192	10	207	234	31	0.13025210084033614	0.1169811320754717	False	46984983	47398907
100	chr3	48710139	+	chr3	48989039	-	DEL	57	1980	45	1084	32	1912	1977	61	2638	46	1084	21	958	2006	854	76	102	107	129	0.5584415584415584	0.5466101694915254	False	48710139	48989039
101	chr3	71233950	+	chr3	71495319	-	DEL	59	2716	52	690	6	460	1257	56	2445	63	830	7	335	1305	512	11	111	119	24	0.17777777777777778	0.16783216783216784	False	71233950	71495319
102	chr3	72946048	+	chr3	73001740	-	DEL	53	2203	29	704	7	331	1297	67	3200	54	828	4	243	1371	582	20	82	121	31	0.2743362831858407	0.20394736842105263	False	72946048	73001740
278	chr3	89202450	-	chr13	18491724	+	INTRX	57	2449	56	866	11	727	1454	74	3233	93	1084	10	459	1820	684	11	113	167	32	0.2206896551724138	0.16080402010050251	False	18491724	89202450
103	chr3	123991130	+	chr3	125970021	+	INV	102	4681	76	1272	1	27	2161	120	4958	119	1504	0	0	2327	920	9	178	239	10	0.05319148936170213	0.040160642570281124	False	123991130	125969904
104	chr3	136156690	+	chr3	136733867	-	DEL	78	3310	101	1292	5	93	2101	93	4089	68	1128	0	0	1942	896	14	179	161	19	0.09595959595959595	0.10555555555555556	False	136156690	136733867
105	chr3	136738987	+	chr3	136744791	-	DEL	59	2498	51	996	11	848	1806	51	2162	62	1014	16	673	1800	788	36	110	113	63	0.36416184971098264	0.35795454545454547	False	136738987	136744791
106	chr3	141531279	+	chr3	141545809	-	DEL	60	2608	47	1024	11	660	1731	117	4855	73	1322	13	896	2101	758	20	107	190	44	0.2913907284768212	0.18803418803418803	False	141531279	141545809
107	chr3	144042777	+	chr3	144080352	-	DEL	67	2630	57	1084	14	740	1746	69	3067	66	994	15	935	1668	732	24	124	135	53	0.2994350282485876	0.28191489361702127	False	144042777	144080352
108	chr3	161480038	+	chr3	161486680	-	DEL	113	5001	82	1292	0	0	2183	87	3868	96	1318	8	283	2061	910	27	195	183	35	0.15217391304347827	0.16055045871559634	False	161480038	161486679
109	chr3	177181765	+	chr3	177210745	-	DEL	59	2799	84	1008	9	806	1885	66	2910	58	1058	10	563	1872	922	10	143	124	29	0.1686046511627907	0.1895424836601307	False	177181765	177210745
110	chr3	193701122	-	chr3	193977966	+	DUP	74	3103	85	1328	11	630	2214	125	5077	104	1524	8	598	2293	928	7	159	229	26	0.14054054054054055	0.10196078431372549	False	193701122	193977966
111	chr4	1921521	+	chr4	2351394	-	DEL	59	2641	24	766	19	1164	1399	75	3202	45	918	20	1276	1473	608	23	83	120	62	0.42758620689655175	0.34065934065934067	False	1921521	2351394
270	chr4	20074616	-	chr12	3499288	+	INTRX	34	1686	27	674	9	662	1271	55	2186	57	954	7	243	1750	686	0	61	112	16	0.2077922077922078	0.125	False	3499288	20074616
112	chr4	45810781	+	chr4	45811446	-	DEL	48	2194	51	764	7	393	1269	49	2250	46	722	15	809	1233	400	4	99	95	26	0.208	0.21487603305785125	False	45810781	45811446
113	chr4	77644221	+	chr4	78448187	-	DEL	36	1416	46	726	4	216	1142	34	1536	58	822	11	458	1372	514	11	82	92	26	0.24074074074074073	0.22033898305084745	False	77644221	78448187
114	chr4	86189982	+	chr4	86591165	-	DEL	33	1438	37	626	15	743	1135	39	1566	25	592	20	1258	1104	582	28	70	64	63	0.47368421052631576	0.49606299212598426	False	86189982	86591165
279	chr4	106748603	-	chr13	31124715	+	INTRX	65	2482	57	1112	66	3532	1939	113	4685	63	1318	0	0	2559	974	63	122	176	129	0.5139442231075697	0.42295081967213116	False	31124664	106748601
251	chr4	114004655	-	chr11	65200563	+	INTRX	89	3449	74	962	17	1146	1630	89	4001	58	992	20	1083	1820	770	14	163	147	51	0.2383177570093458	0.25757575757575757	False	65200563	114004655
115	chr4	115090916	+	chr4	170122691	-	DEL	62	2734	73	990	3	315	1495	78	3429	73	1016	5	164	1617	610	13	135	151	21	0.1346153846153846	0.12209302325581395	False	115090916	170122691
116	chr4	170547197	-	chr4	171302130	+	DUP	79	3312	62	1204	5	265	1859	81	3377	71	1226	6	410	1854	708	12	141	152	23	0.1402439024390244	0.13142857142857142	False	170547197	171302130
248	chr4	170623246	+	chr11	41592163	+	INTRX	94	4066	71	1220	0	0	1980	85	3524	73	1090	0	0	1738	830	24	165	158	24	0.12698412698412698	0.13186813186813187	False	41592163	170623246
117	chr4	170853840	-	chr4	170978632	+	DUP	93	3521	70	1054	3	145	1710	92	3778	77	1112	2	59	1822	742	19	163	169	24	0.12834224598930483	0.12435233160621761	False	170853840	170978632
118	chr4	171041816	-	chr4	171304976	-	INV	92	4260	71	1090	9	657	1731	86	3811	79	1130	5	346	1860	716	25	163	165	39	0.19306930693069307	0.19117647058823528	False	171041816	171304976
119	chr4	171300207	+	chr4	171525166	+	INV	74	2808	75	1142	0	0	1862	78	3388	75	1132	0	0	1841	782	12	149	153	12	0.07453416149068323	0.07272727272727272	False	171300207	171525166
247	chr4	171300826	-	chr11	41309434	-	INTRX	78	3308	67	1154	20	1361	1842	80	3721	61	1044	16	1133	1715	738	11	145	141	47	0.24479166666666666	0.25	False	41309434	171300826
120	chr4	171570463	-	chr4	171842662	-	INV	92	4155	60	1224	7	625	1954	67	2917	63	1054	9	622	1756	812	15	152	130	31	0.16939890710382513	0.19254658385093168	False	171570463	171842662
249	chr4	171842553	+	chr11	41701829	-	INTRX	73	3195	74	1030	18	1267	1746	69	2965	64	972	19	1232	1505	628	8	147	133	45	0.234375	0.25280898876404495	False	41701829	171842553
250	chr4	176771652	+	chr11	50409537	-	INTRX	89	3865	60	1170	13	819	1843	45	1725	43	796	16	944	1317	624	10	149	88	39	0.2074468085106383	0.30708661417322836	False	50409537	176771652
121	chr4	176827507	-	chr4	179176613	+	DUP	68	3034	61	940	11	812	1682	79	3388	65	1082	15	786	1813	742	21	129	144	47	0.26704545454545453	0.24607329842931938	False	176827507	179176613
122	chr4	186774579	+	chr4	186774841	-	DEL	59	2207	57	1036	24	1550	1821	42	1792	32	1028	21	1517	1823	606	0	116	74	45	0.2795031055900621	0.37815126050420167	False	186774579	186774841
156	chr5	39794196	+	chr7	125436615	-	INTRX	82	3503	81	1158	0	0	1932	76	3219	71	1028	4	258	1759	806	7	163	147	11	0.06321839080459771	0.06962025316455696	False	39794196	125436614
123	chr5	45675593	-	chr5	45872889	-	INV	97	4290	94	1370	15	932	2355	90	3774	90	1354	20	1362	2267	1050	33	191	180	68	0.2625482625482625	0.27419354838709675	False	45675593	45872889
124	chr5	46128586	+	chr5	46129853	+	INV	103	4186	97	1524	0	0	2432	119	5125	81	1374	0	0	2147	808	19	200	200	19	0.0867579908675799	0.0867579908675799	False	46128586	46129853
125	chr5	49901935	+	chr5	49963708	-	DEL	1	36	7	450	0	0	1177	76	3961	70	1822	2	16	5080	1844	12	8	146	14	0.6363636363636364	0.0875	False	49901935	49963708
126	chr5	65912807	-	chr5	65921088	+	DUP	84	3432	52	976	5	187	1606	64	2843	56	1046	3	275	1701	752	23	136	120	31	0.18562874251497005	0.2052980132450331	False	65912807	65921088
127	chr5	67083283	+	chr5	67183759	-	DEL	38	1692	21	614	14	788	1093	33	1277	25	628	16	1224	1123	514	16	59	58	46	0.4380952380952381	0.4423076923076923	False	67083283	67183759
128	chr5	130581634	+	chr5	130595800	-	DEL	49	2093	58	816	5	398	1230	52	2177	33	634	6	367	1119	478	11	107	85	22	0.17054263565891473	0.205607476635514	False	130581634	130595800
252	chr5	133415516	-	chr11	59789829	+	INTRX	97	4009	52	1016	13	929	1642	71	3166	79	990	1	26	1669	676	21	149	150	35	0.19021739130434784	0.1891891891891892	False	59789710	133415515
253	chr5	133416153	+	chr11	61494610	-	INTRX	74	3061	71	964	0	0	1597	86	3577	71	1120	18	1161	1815	740	25	145	157	43	0.22872340425531915	0.215	False	61494609	133416153
129	chr6	5201541	+	chr6	5322482	-	DEL	79	3441	80	1166	10	683	1845	84	3853	58	988	10	586	1520	672	13	159	142	33	0.171875	0.18857142857142858	False	5201541	5322482
130	chr6	7184706	+	chr6	7214655	-	DEL	70	2748	57	1000	6	331	1641	78	3371	80	1210	8	605	1888	742	10	127	158	24	0.15894039735099338	0.13186813186813187	False	7184706	7214655
358	chr6	13191073	-	chr18	40176988	+	INTRX	86	3790	85	1040	21	1263	2075	48	2032	52	910	15	987	1420	748	0	171	100	36	0.17391304347826086	0.2647058823529412	False	40176988	13191073
131	chr6	32489923	-	chr6	32536605	+	DUP	38	1546	32	452	1	25	786	47	2233	67	794	0	0	1703	590	19	70	114	20	0.2222222222222222	0.14925373134328357	False	32490039	32536493
132	chr6	35367416	+	chr6	35377545	+	INV	79	3372	89	1374	0	0	2202	76	3525	44	1040	0	0	1785	916	20	168	120	20	0.10638297872340426	0.14285714285714285	False	35367416	35377545
133	chr6	38588591	+	chr6	42765389	-	DEL	73	3234	44	1138	29	1800	1974	63	2631	58	1100	39	2549	1965	898	101	117	121	169	0.5909090909090909	0.5827586206896552	False	38588591	42765389
134	chr6	43395371	+	chr6	43419100	-	DEL	152	6751	95	1754	15	898	2914	89	4246	34	1294	10	597	2669	1456	19	247	123	44	0.15120274914089346	0.2634730538922156	False	43395371	43419100
324	chr6	44376024	+	chr17	35089189	+	INTRX	56	2898	45	1016	0	0	1885	68	2953	57	1152	0	0	2072	1008	97	101	125	97	0.4898989898989899	0.4369369369369369	False	35089189	44376024
135	chr6	63657132	+	chr6	63662471	-	DEL	58	2366	49	778	5	198	1285	63	2711	44	856	4	218	1335	528	22	107	107	31	0.2246376811594203	0.2246376811594203	False	63657132	63662471
136	chr6	106942759	-	chr6	106943033	-	INV	57	2570	56	872	9	494	1453	49	2226	39	904	9	559	1468	412	0	113	88	18	0.13740458015267176	0.16981132075471697	False	106942759	106943033
168	chr6	114870632	-	chr8	134070387	+	INTRX	58	2584	48	830	15	767	1253	108	4653	95	1172	53	3695	3638	890	4	106	203	72	0.4044943820224719	0.26181818181818184	False	114870632	134070386
137	chr6	119253165	+	chr6	119306863	-	DEL	51	2225	54	796	7	422	1298	68	2860	46	820	9	355	1274	530	13	105	114	29	0.21641791044776118	0.20279720279720279	False	119253165	119306863
138	chr6	120010234	+	chr6	120773738	-	DEL	49	2099	39	624	8	429	1097	59	2324	44	796	8	502	1300	516	20	88	103	36	0.2903225806451613	0.2589928057553957	False	120010234	120773738
169	chr6	154836654	-	chr8	41505861	+	INTRX	93	4053	70	1142	11	577	1911	112	5048	87	1418	12	571	2194	860	16	163	199	39	0.19306930693069307	0.1638655462184874	False	154836654	41505861
281	chr6	155881340	+	chr13	103962405	-	INTRX	102	4424	73	1244	23	1742	1954	89	3923	49	1030	22	1338	1654	674	9	175	138	54	0.23580786026200873	0.28125	False	103962405	155881340
280	chr6	156309576	-	chr13	84030477	+	INTRX	107	4610	84	1232	20	1075	2005	71	3087	55	1036	23	1534	1701	810	7	191	126	50	0.2074688796680498	0.2840909090909091	False	84030477	156309576
139	chr6	156892147	+	chr6	156912481	-	DEL	81	3735	72	1108	11	834	1992	99	4078	74	1060	12	897	1889	868	13	153	173	36	0.19047619047619047	0.1722488038277512	False	156892147	156912481
323	chr6	158644622	+	chr17	8221814	+	INTRX	134	6173	103	1340	0	0	2222	59	2496	43	794	0	0	1436	852	16	237	102	16	0.06324110671936758	0.13559322033898305	False	8221814	158644622
140	chr7	987031	+	chr7	1033808	-	DEL	94	4158	80	1416	10	649	2279	72	3215	73	1150	11	628	1915	890	19	174	145	40	0.18691588785046728	0.21621621621621623	False	987031	1033808
141	chr7	8016184	+	chr7	8068243	-	DEL	84	3421	83	1104	9	724	1688	67	2835	89	1072	12	465	1681	650	19	167	156	40	0.1932367149758454	0.20408163265306123	False	8016184	8068243
142	chr7	11929600	-	chr7	12250623	+	DUP	78	3371	77	1078	2	176	1710	73	2615	70	1154	3	142	1873	770	14	155	143	19	0.10919540229885058	0.11728395061728394	False	11929600	12250623
188	chr7	19411785	-	chr8	134067806	+	INTRX	58	2298	56	1032	14	1004	1707	128	5616	121	1498	15	986	2493	956	5	114	249	34	0.22972972972972974	0.12014134275618374	False	19411785	134067806
143	chr7	27886343	+	chr7	28153333	-	DEL	56	2244	56	986	5	280	1682	76	3530	52	928	6	367	1543	696	13	112	128	24	0.17647058823529413	0.15789473684210525	False	27886343	28153333
144	chr7	28850651	+	chr7	28855170	+	INV	93	3700	85	1282	0	0	2047	40	1340	60	1092	0	0	1943	874	17	178	100	17	0.08717948717948718	0.1452991452991453	False	28850651	28855130
145	chr7	32847097	+	chr7	33002815	-	DEL	39	1691	55	780	9	529	1336	83	3404	56	970	7	353	1470	602	23	94	139	39	0.2932330827067669	0.21910112359550563	False	32847097	33002815
146	chr7	39982140	+	chr7	40218330	-	DEL	23	847	23	702	2	32	1282	65	2622	45	822	6	458	1354	528	14	46	110	22	0.3235294117647059	0.16666666666666666	False	39982130	40218330
189	chr7	56627053	-	chr8	134070322	+	INTRX	66	3255	47	902	13	989	1614	135	5863	96	1172	10	618	3619	1030	0	113	231	23	0.16911764705882354	0.09055118110236221	False	56627053	134070322
147	chr7	57155678	-	chr7	64279151	-	INV	74	3122	76	1034	1	21	1584	106	4791	83	1342	2	90	2039	676	12	150	189	15	0.09090909090909091	0.07352941176470588	False	57155680	64279153
148	chr7	87011645	+	chr7	87014249	-	DEL	79	3343	87	1066	0	0	1982	79	3471	53	1110	14	614	1929	872	28	166	132	42	0.20192307692307693	0.2413793103448276	False	87011645	87014248
271	chr7	88306811	-	chr12	38504079	+	INTRX	121	4955	130	1690	26	1415	2585	81	3737	50	1126	18	1211	1894	920	11	251	131	55	0.17973856209150327	0.2956989247311828	False	38504079	88306811
149	chr7	88322617	+	chr7	94230396	-	DEL	88	4105	101	1238	8	576	1998	79	3064	96	1280	6	350	2070	896	15	189	175	29	0.13302752293577982	0.14215686274509803	False	88322617	94230396
150	chr7	91963100	+	chr7	91993198	-	DEL	67	2826	46	1032	3	115	1762	80	3270	62	1078	6	143	1888	848	18	113	142	27	0.19285714285714287	0.15976331360946747	False	91963100	91993198
151	chr7	92002322	+	chr7	92015390	-	DEL	105	4545	70	1194	7	454	1913	80	3947	61	1210	4	267	1873	764	17	175	141	28	0.13793103448275862	0.16568047337278108	False	92002322	92015390
152	chr7	105043374	+	chr7	105181069	-	DEL	68	2437	53	1090	0	0	1930	57	2351	52	848	27	1786	1584	806	66	121	109	93	0.43457943925233644	0.4603960396039604	False	105043374	105181067
153	chr7	105082081	+	chr7	105188336	-	DEL	48	2214	28	828	6	413	1357	100	4217	75	1348	7	365	2259	766	10	76	175	23	0.23232323232323232	0.11616161616161616	False	105082081	105188336
154	chr7	105272108	+	chr7	105708009	-	DEL	92	3866	80	1302	17	993	2165	77	2853	84	1486	13	891	2272	930	25	172	161	55	0.2422907488986784	0.25462962962962965	False	105272108	105708009
155	chr7	140905946	+	chr7	141117960	-	DEL	63	2643	50	900	1	27	1662	62	3040	60	1086	9	655	1826	798	21	113	122	31	0.2152777777777778	0.20261437908496732	False	140905946	141117959
156	chr7	146520417	+	chr7	146520744	-	DEL	52	2158	58	874	13	1072	1425	52	2175	43	848	14	873	1433	402	0	110	95	27	0.19708029197080293	0.22131147540983606	False	146520417	146520744
157	chr7	151420520	+	chr7	151462164	-	DEL	41	1707	40	844	27	1911	1486	34	1217	36	848	27	1515	1486	728	50	81	70	104	0.5621621621621622	0.5977011494252874	False	151420520	151462164
158	chr8	277164	-	chr8	294255	-	INV	51	2256	46	744	12	781	1164	60	2309	48	922	11	727	1504	552	17	97	108	40	0.291970802919708	0.2702702702702703	False	277164	294255
159	chr8	39631659	-	chr8	39650154	-	INV	64	2821	39	744	12	1094	1171	57	2429	59	932	12	694	1593	562	17	103	116	41	0.2847222222222222	0.2611464968152866	False	39631658	39650153
160	chr8	41490092	-	chr8	41494084	-	INV	126	5561	89	1522	13	917	2395	93	3648	122	1422	12	759	2169	892	22	215	215	47	0.17938931297709923	0.17938931297709923	False	41490092	41494084
161	chr8	46110016	+	chr8	46110419	-	DEL	99	4004	89	1256	2	82	2309	75	3173	61	1306	0	0	2342	848	0	188	136	2	0.010526315789473684	0.014492753623188406	False	46110009	46110423
162	chr8	60452070	+	chr8	60510373	-	DEL	55	2454	70	912	9	580	1561	68	3110	56	890	11	783	1520	700	17	125	124	37	0.22839506172839505	0.22981366459627328	False	60452070	60510373
163	chr8	65650657	+	chr8	65773767	-	DEL	87	3819	60	932	6	402	1694	65	2919	68	928	4	232	1515	700	14	147	133	24	0.14035087719298245	0.15286624203821655	False	65650657	65773767
164	chr8	89840807	-	chr8	90311794	+	DUP	92	3765	85	1272	3	102	1993	95	4322	68	1280	3	130	2006	796	28	177	163	34	0.16113744075829384	0.17258883248730963	False	89840807	90311794
165	chr8	94628471	+	chr8	94871077	-	DEL	58	2178	73	1020	8	257	1734	64	2880	49	1030	5	303	1705	766	19	131	113	32	0.19631901840490798	0.2206896551724138	False	94628471	94871077
166	chr8	99885017	-	chr8	115471083	-	INV	82	3244	86	1594	59	3595	2948	94	3954	95	1744	64	4176	3082	1340	170	168	189	293	0.6355748373101953	0.6078838174273858	False	99885017	115471083
167	chr8	100937265	+	chr8	100937669	-	DEL	175	7499	174	2680	6	435	4356	156	5951	114	2608	8	499	4330	1286	0	349	270	14	0.03856749311294766	0.04929577464788732	False	100937265	100937669
168	chr8	101275119	-	chr8	101295845	-	INV;HIDEP	0	0	0	0	0	0	0	0	0	0	0	0	0	0	0	0	0	0	0	0.0	0.0	False	101275119	101295845
325	chr8	101437868	-	chr17	52982652	+	INTRX;HIDEP	0	0	0	0	0	0	0	0	0	0	0	0	0	0	0	0	0	0	0	0.0	0.0	False	52982652	101437868
169	chr8	101498647	-	chr8	126856696	+	DUP;HIDEP	0	0	0	0	0	0	0	0	0	0	0	0	0	0	0	0	0	0	0	0.0	0.0	False	101498647	126856696
170	chr8	101568720	-	chr8	101569183	-	INV;HIDEP	0	0	0	0	0	0	0	0	0	0	0	0	0	0	0	0	0	0	0	0.0	0.0	False	101568720	101569183
171	chr8	101620949	+	chr8	115716854	-	DEL;HIDEP	0	0	0	0	0	0	0	0	0	0	0	0	0	0	0	0	0	0	0	0.0	0.0	False	101620949	115716854
385	chr8	101872496	+	chr20	11776314	+	INTRX;HIDEP	0	0	0	0	0	0	0	0	0	0	0	0	0	0	0	0	0	0	0	0.0	0.0	False	11776314	101872496
172	chr8	103584982	-	chr8	120375451	-	INV	100	4008	97	1404	38	2161	2337	85	3422	65	1350	36	2020	2347	1048	41	197	150	115	0.3685897435897436	0.4339622641509434	False	103584982	120375451
173	chr8	104877427	+	chr8	109510264	+	INV	118	5108	87	1652	0	0	2763	106	4556	96	1426	0	0	2355	1152	36	205	202	36	0.14937759336099585	0.15126050420168066	False	104877427	109510264
174	chr8	106701268	-	chr8	112835553	+	DUP	127	5654	115	1860	8	354	3030	123	5405	89	1650	13	837	2732	1228	41	242	212	62	0.20394736842105263	0.22627737226277372	False	106701268	112835553
175	chr8	106724098	+	chr8	112745148	+	INV	137	6033	102	1742	0	0	2965	84	3187	102	1350	0	0	2226	1118	34	239	186	34	0.12454212454212454	0.15454545454545454	False	106723982	112745148
176	chr8	106960454	-	chr8	110654629	-	INV	103	4643	78	1438	19	1357	2422	107	4743	88	1550	21	1312	2552	1054	40	181	195	80	0.3065134099616858	0.2909090909090909	False	106960454	110654629
177	chr8	112449380	+	chr8	135414112	+	INV	102	4089	98	1428	0	0	2476	101	4673	81	1404	0	0	2362	1126	29	200	182	29	0.12663755458515283	0.13744075829383887	False	112449380	135414112
178	chr8	112680353	-	chr8	115071956	-	INV	102	4225	119	1530	11	526	2537	160	7186	91	1808	13	1054	3011	1218	61	221	251	85	0.2777777777777778	0.25297619047619047	False	112680353	115071956
179	chr8	112763277	-	chr8	120045846	+	DUP	96	4245	73	1258	8	557	2000	168	7541	115	2054	14	767	3221	1008	37	169	283	59	0.25877192982456143	0.17251461988304093	False	112763277	120045846
180	chr8	112801620	-	chr8	121100710	+	DUP	110	4693	96	1698	10	544	2852	114	4895	81	1404	13	653	2292	1166	40	206	195	63	0.2342007434944238	0.2441860465116279	False	112801620	121100710
181	chr8	115143099	+	chr8	115151037	+	INV	123	4997	123	1904	0	0	3111	124	5020	87	1730	1	22	2795	1234	13	246	211	14	0.05384615384615385	0.06222222222222222	False	115142977	115151030
182	chr8	115207151	+	chr8	120100645	+	INV	88	3830	65	1202	0	0	1945	72	2906	69	1268	0	0	2127	898	43	153	141	43	0.2193877551020408	0.23369565217391305	False	115207151	120100645
183	chr8	115743314	+	chr8	115744382	+	INV	120	4661	94	2002	2	159	3463	154	6922	132	2332	0	0	3520	1120	6	214	286	8	0.036036036036036036	0.027210884353741496	False	115743321	115744382
184	chr8	116714990	+	chr8	116842359	-	DEL	134	5675	140	1934	9	464	3032	117	5925	92	1972	6	397	3365	1346	17	274	209	32	0.10457516339869281	0.13278008298755187	False	116714990	116842359
185	chr8	117905461	+	chr8	117974848	-	DEL	156	6701	145	1998	18	1063	3182	154	6418	150	2036	15	1096	3283	1338	54	301	304	87	0.22422680412371135	0.22250639386189258	False	117905461	117974848
186	chr8	118898025	+	chr8	119101605	-	DEL	130	5256	129	1910	18	949	3147	129	5168	125	1722	14	847	3064	1424	30	259	254	62	0.19314641744548286	0.1962025316455696	False	118898025	119101605
187	chr8	125359358	-	chr8	131104084	-	INV	46	2123	21	1284	11	567	2387	94	3855	102	1408	13	785	2289	1004	32	67	196	56	0.45528455284552843	0.2222222222222222	False	125359358	131104084
188	chr8	125846281	-	chr8	125848524	-	INV	120	5069	117	2040	48	3588	3670	248	10691	157	3140	50	2880	5347	2020	89	237	405	187	0.4410377358490566	0.3158783783783784	False	125846281	125848524
189	chr8	126034866	+	chr8	126068526	+	INV	292	12400	100	3418	32	1918	6116	225	9546	207	3088	27	1963	4927	2522	50	392	432	109	0.21756487025948104	0.20147874306839186	False	126034866	126068526
190	chr8	126769722	-	chr8	126838118	+	DUP	235	9886	181	2884	13	743	4628	158	7275	90	2532	4	170	4892	2252	12	416	248	29	0.0651685393258427	0.10469314079422383	False	126769722	126838118
191	chr8	127960688	+	chr8	128086784	+	INV	129	5400	84	1774	0	0	2966	129	5672	107	1680	0	0	2664	1216	18	213	236	18	0.07792207792207792	0.07086614173228346	False	127960688	128086784
192	chr8	136230067	-	chr8	144030749	-	INV	83	3579	75	1368	14	654	2344	119	4899	123	1684	12	826	2806	1098	38	158	242	64	0.2882882882882883	0.20915032679738563	False	136230067	144030749
193	chr8	136659108	-	chr8	143223365	-	INV	116	5112	94	1778	18	1396	2869	113	4970	113	1680	21	964	2772	1230	30	210	226	69	0.24731182795698925	0.23389830508474577	False	136659108	143223365
194	chr8	136776128	+	chr8	144893770	-	DEL	97	4625	93	1522	38	2675	2656	89	3945	61	1250	38	2233	2323	1194	63	190	150	139	0.42249240121580545	0.4809688581314879	False	136776128	144893770
195	chr8	140549799	+	chr8	140887852	-	DEL	89	3724	115	1472	12	703	2346	73	3123	51	1008	9	589	1645	830	22	204	124	43	0.17408906882591094	0.25748502994011974	False	140549799	140887852
196	chr8	140565444	+	chr8	140613092	-	DEL	57	2297	53	1004	9	152	1849	70	3051	85	874	4	227	1741	836	23	110	155	36	0.2465753424657534	0.18848167539267016	False	140565440	140613096
197	chr8	140647711	+	chr8	140891819	-	DEL	59	2170	69	998	16	987	1731	87	3457	76	1196	15	950	2037	856	12	128	163	43	0.25146198830409355	0.2087378640776699	False	140647711	140891819
198	chr8	144027058	+	chr8	144040961	+	INV	142	6355	95	1580	4	184	2624	161	7386	64	2236	13	801	3778	1396	7	237	225	24	0.09195402298850575	0.0963855421686747	False	144027057	144040960
199	chr8	144723338	+	chr8	145071259	-	DEL	72	3352	79	1334	34	2068	2415	161	6946	169	2524	22	822	4041	1304	95	151	330	151	0.5	0.31392931392931395	False	144723338	145071259
200	chr9	21621700	+	chr9	21738138	-	DEL	54	2410	26	676	0	0	1211	42	1930	57	646	9	503	1252	670	30	80	99	39	0.3277310924369748	0.2826086956521739	False	21621700	21738136
201	chr9	33941412	-	chr9	34038295	+	DUP	68	2846	65	1098	6	312	1838	106	4083	60	1056	4	110	2332	962	20	133	166	30	0.18404907975460122	0.15306122448979592	False	33941412	34038295
202	chr9	34038390	-	chr9	34252652	-	INV	108	4600	68	1078	14	980	2425	52	2211	66	1084	17	1012	1884	1046	17	176	118	48	0.21428571428571427	0.2891566265060241	False	34038390	34252652
302	chr9	65382582	+	chr15	23398730	+	INTRX	66	2942	52	978	4	146	1656	87	3763	58	1188	13	681	1889	714	21	118	145	38	0.24358974358974358	0.20765027322404372	False	23398730	65382582
203	chr9	114638022	-	chr9	114862406	+	DUP	78	2967	73	1138	15	945	1824	70	3109	62	998	11	792	1710	776	23	151	132	49	0.245	0.27071823204419887	False	114638022	114862406
204	chr9	123447627	+	chr9	123840048	-	DEL	56	2654	53	896	11	464	1393	52	2263	43	754	14	817	1261	528	14	109	95	39	0.2635135135135135	0.291044776119403	False	123447627	123840048
205	chr9	124355068	-	chr9	124362362	-	INV	92	3845	84	1088	13	587	1837	110	4431	96	1314	9	741	2171	860	37	176	206	59	0.251063829787234	0.22264150943396227	False	124355068	124362362
206	chr9	126747456	-	chr9	126942773	+	DUP	76	3110	49	1002	8	450	1792	102	4520	67	1238	7	750	1984	806	20	125	169	35	0.21875	0.1715686274509804	False	126747456	126942724
207	chr9	137454422	+	chr9	137584211	-	DEL	110	4588	81	1192	8	561	2209	112	4499	122	1256	7	389	2050	870	15	191	234	30	0.13574660633484162	0.11363636363636363	False	137454422	137584211
208	chr10	34701365	+	chr10	34786626	-	DEL	87	3815	56	1244	5	311	2086	78	3492	89	1256	8	447	2041	908	16	143	167	29	0.1686046511627907	0.14795918367346939	False	34701365	34786626
209	chr10	39197618	+	chr10	39203085	-	DEL	82	3532	72	1188	6	167	1947	75	3137	49	1012	6	494	1708	816	8	154	124	20	0.11494252873563218	0.1388888888888889	False	39197618	39203085
246	chr10	41831028	+	chr17	42912965	+	INTRX	70	3077	51	872	12	393	1987	95	3916	63	1230	0	0	2192	972	38	121	158	50	0.29239766081871343	0.2403846153846154	False	41831026	42912965
210	chr10	108047177	+	chr10	108057884	-	DEL	55	2693	63	914	0	0	1509	79	3478	79	1018	4	242	1620	698	12	118	158	16	0.11940298507462686	0.09195402298850575	False	108047177	108057883
211	chr10	108053767	+	chr10	108058865	-	DEL	58	2463	65	932	0	0	1543	75	3095	64	958	5	279	1574	754	6	123	139	11	0.08208955223880597	0.07333333333333333	False	108053767	108058864
212	chr11	848741	-	chr11	1047850	+	DUP	61	2583	56	1100	5	288	1649	70	2882	70	1092	5	303	1797	686	24	117	140	34	0.2251655629139073	0.19540229885057472	False	848741	1047850
213	chr11	1329874	+	chr11	1373538	-	DEL	50	2015	46	822	5	223	1307	61	2656	50	954	5	315	1533	552	15	96	111	25	0.2066115702479339	0.18382352941176472	False	1329874	1373538
214	chr11	3484329	-	chr11	67856177	+	DUP	27	880	67	928	0	0	1477	84	3594	72	1036	1	10	1666	646	10	94	156	11	0.10476190476190476	0.0658682634730539	False	3484329	67856177
215	chr11	5172215	+	chr11	5174397	-	DEL	60	2760	34	780	7	426	1232	48	1857	42	742	8	623	1118	448	22	94	90	37	0.2824427480916031	0.29133858267716534	False	5172215	5174397
216	chr11	16460824	+	chr11	37226884	-	DEL	59	2318	42	672	0	0	1112	62	2669	38	782	9	611	1290	514	11	101	100	20	0.1652892561983471	0.16666666666666666	False	16460824	37226883
217	chr11	47015027	+	chr11	48925382	-	DEL	53	2500	51	732	20	1616	1446	51	2329	27	834	27	1336	1957	776	20	104	78	67	0.391812865497076	0.46206896551724136	False	47015027	48925382
269	chr11	47558755	-	chr16	17201377	+	INTRX	9	354	10	596	21	1407	1216	60	2384	52	1032	18	987	1694	644	15	19	112	54	0.7397260273972602	0.3253012048192771	False	47558755	17201377
218	chr11	48499361	+	chr11	59761085	-	DEL	45	2166	39	748	17	892	1286	55	2117	49	868	11	576	1512	626	25	84	104	53	0.38686131386861317	0.3375796178343949	False	48499361	59761085
219	chr11	49426254	+	chr11	56100992	+	INV	63	2884	49	968	1	19	1547	86	3802	108	1612	0	0	2532	846	11	112	194	12	0.0967741935483871	0.05825242718446602	False	49426243	56100992
220	chr11	50366319	+	chr11	56138443	-	DEL	53	2310	40	664	1	56	1208	132	5988	109	1740	9	723	2762	860	25	93	241	35	0.2734375	0.12681159420289856	False	50366315	56138442
221	chr11	57796849	+	chr11	58647516	-	DEL	116	5208	116	1362	6	400	2418	55	2485	64	810	6	269	1338	888	23	232	119	35	0.13108614232209737	0.22727272727272727	False	57796849	58647516
222	chr11	58813339	+	chr11	72009621	-	DEL	50	1964	45	746	6	378	1191	63	3173	63	892	7	476	1592	582	10	95	126	23	0.19491525423728814	0.15436241610738255	False	58813339	72009621
223	chr11	63150038	+	chr11	64871634	-	DEL	58	2366	49	918	7	559	1527	85	3867	76	1292	9	316	2100	778	19	107	161	35	0.24647887323943662	0.17857142857142858	False	63150038	64871634
224	chr11	67149641	+	chr11	67191117	-	DEL	47	2252	36	754	16	1260	1355	56	2688	41	806	14	617	1358	610	16	83	97	46	0.35658914728682173	0.32167832167832167	False	67149641	67191117
225	chr11	68934377	+	chr11	69127689	-	DEL	86	3748	74	964	6	325	1581	51	2156	57	778	7	585	1374	636	20	160	108	33	0.17098445595854922	0.23404255319148937	False	68934377	69127689
226	chr11	72847169	+	chr11	73109000	-	DEL	43	1651	70	840	8	436	1439	76	3275	56	864	8	446	1431	628	15	113	132	31	0.2152777777777778	0.1901840490797546	False	72847169	73109000
227	chr12	11008725	+	chr12	11123087	-	DEL	75	3072	86	1222	0	0	1946	106	4575	97	1380	1	18	2431	892	8	161	203	9	0.052941176470588235	0.04245283018867924	False	11008730	11123075
228	chr12	35545180	+	chr12	36006081	-	DEL	153	6791	10	988	1	102	2267	82	4562	18	886	0	0	1909	1346	17	163	100	18	0.09944751381215469	0.15254237288135594	False	35545175	36006108
229	chr12	45805042	+	chr12	45992643	-	DEL	56	1977	33	708	10	775	1250	44	1882	47	870	12	691	1460	582	31	89	91	53	0.3732394366197183	0.3680555555555556	False	45805042	45992643
230	chr12	46262529	+	chr12	46274204	-	DEL	73	3487	48	964	9	698	1593	75	3077	63	1012	10	417	1683	728	18	121	138	37	0.23417721518987342	0.21142857142857144	False	46262529	46274204
231	chr12	111617773	-	chr12	111619381	+	DUP	62	2529	60	1018	9	712	2240	88	3735	79	1364	13	625	2380	1126	17	122	167	39	0.2422360248447205	0.18932038834951456	False	111617773	111619381
232	chr12	122494129	+	chr12	122497247	-	DEL	88	3884	35	1110	22	1623	1947	74	3531	56	968	19	1188	1726	838	28	123	130	69	0.359375	0.34673366834170855	False	122494129	122497247
233	chr13	29871064	-	chr13	29921684	-	INV	81	3563	56	1076	17	958	1846	70	3255	57	1082	20	1128	1807	796	25	137	127	62	0.31155778894472363	0.328042328042328	False	29871064	29921684
234	chr13	29880571	+	chr13	29913528	+	INV	76	3202	72	1028	2	34	1744	85	3535	62	1072	0	0	1750	716	22	148	147	24	0.13953488372093023	0.14035087719298245	False	29880427	29913528
235	chr13	31134413	+	chr13	31394162	-	DEL	113	4426	101	1822	9	518	3025	172	7675	179	2338	10	654	3534	1334	24	214	351	43	0.16731517509727625	0.10913705583756345	False	31134413	31394162
236	chr13	32767646	-	chr13	32768991	-	INV	157	6398	164	2314	12	915	3677	158	6636	143	2336	5	277	4199	1612	11	321	301	28	0.08022922636103152	0.0851063829787234	False	32767646	32768991
289	chr13	33704604	+	chr19	29192573	+	INTRX	64	2591	63	1452	125	8106	2586	97	3972	70	2000	127	8138	3841	1358	90	127	167	342	0.7292110874200426	0.6719056974459725	False	33704604	29192573
237	chr13	46723070	+	chr13	46762927	-	DEL	40	1941	33	652	0	0	1101	36	1840	36	690	14	952	1199	526	31	73	72	45	0.3813559322033898	0.38461538461538464	False	46723070	46762926
238	chr13	73067159	-	chr13	73779385	+	DUP	85	3418	88	1198	13	752	1990	97	4312	81	1274	16	1059	2068	830	19	173	178	48	0.2171945701357466	0.21238938053097345	False	73067159	73779385
239	chr13	111259094	+	chr13	111270756	-	DEL	75	3215	68	1074	19	1093	1746	74	3359	59	1008	15	1059	1647	718	8	143	133	42	0.22702702702702704	0.24	False	111259094	111270756
240	chr14	20825030	-	chr14	21147471	+	DUP	89	3587	92	1310	6	253	2087	90	3739	80	1160	5	306	1991	942	12	181	170	23	0.11274509803921569	0.11917098445595854	False	20825030	21147471
241	chr14	21303814	-	chr14	21312911	-	INV	83	3445	94	1188	13	860	2473	115	5619	72	1484	30	1526	2478	1110	72	177	187	115	0.3938356164383562	0.38079470198675497	False	21303814	21312911
242	chr14	21307424	+	chr14	21310393	+	INV	135	6073	109	1660	0	0	2817	80	3657	57	1082	0	0	2122	1200	32	244	137	32	0.11594202898550725	0.1893491124260355	False	21307424	21310393
243	chr14	29712817	+	chr14	69350451	-	DEL	76	3156	60	972	9	572	1566	90	3724	49	1066	13	769	1744	650	18	136	139	40	0.22727272727272727	0.22346368715083798	False	29712817	69350451
244	chr14	41691995	+	chr14	42146055	-	DEL	55	2334	40	738	4	325	1213	45	2107	43	742	7	352	1198	504	9	95	88	20	0.17391304347826086	0.18518518518518517	False	41691995	42146055
245	chr14	44986801	+	chr14	45091610	-	DEL	29	1252	29	654	0	0	1251	66	2930	39	812	22	1223	1312	632	14	58	105	36	0.3829787234042553	0.2553191489361702	False	44986801	45091609
246	chr14	51678997	+	chr14	51692354	-	DEL	53	2420	30	632	8	340	1208	61	2675	40	684	8	529	1229	522	7	83	101	23	0.2169811320754717	0.18548387096774194	False	51678997	51692354
301	chr14	56148321	+	chr17	34721495	-	INTRX	94	3717	73	1008	17	1384	1571	106	4596	109	1592	23	1538	2558	830	5	167	215	45	0.21226415094339623	0.17307692307692307	False	56148321	34721495
247	chr14	77501619	-	chr14	77910485	+	DUP	55	2269	48	1096	13	846	2144	59	2163	83	1298	13	946	2093	1032	13	103	142	39	0.2746478873239437	0.2154696132596685	False	77501619	77910485
248	chr14	81529856	+	chr14	81530156	-	DEL	98	4388	63	1054	15	840	1718	41	1718	32	1080	11	682	1777	490	0	161	73	26	0.13903743315508021	0.26262626262626265	False	81529856	81530156
249	chr14	90906852	+	chr14	91096650	-	DEL	58	2112	59	878	6	521	1512	78	3559	74	996	11	418	1824	758	15	117	152	32	0.21476510067114093	0.17391304347826086	False	90906852	91096650
250	chr14	97385554	-	chr14	97400112	+	DUP	89	3990	77	1272	20	1426	2112	109	4572	89	1418	19	933	2201	958	38	166	198	77	0.3168724279835391	0.28	False	97385554	97400112
251	chr15	44337098	+	chr15	44389271	-	DEL	50	1992	62	888	9	548	1500	79	3362	52	950	10	526	1582	670	22	112	131	41	0.2679738562091503	0.23837209302325582	False	44337098	44389271
252	chr15	57009650	+	chr15	57018080	-	DEL	47	2217	30	648	7	520	1155	43	1620	59	804	9	237	1322	566	16	77	102	32	0.29357798165137616	0.23880597014925373	False	57009650	57018080
253	chr15	58634325	-	chr15	58646515	+	DUP	62	2616	54	910	8	540	1577	64	2682	60	834	8	477	1524	698	24	116	124	40	0.2564102564102564	0.24390243902439024	False	58634325	58646515
254	chr15	58745119	+	chr15	58758830	-	DEL	55	2608	53	768	1	33	1266	63	2799	54	832	4	189	1355	536	15	108	117	20	0.15625	0.145985401459854	False	58745119	58758830
255	chr15	98891721	+	chr15	99119237	-	DEL	63	2620	52	840	20	1347	1447	87	3360	63	978	1	10	1570	598	27	115	150	48	0.294478527607362	0.24242424242424243	False	98891721	99119237
256	chr16	8812188	+	chr16	8837122	-	DEL	51	2105	40	886	0	0	1402	52	2039	55	888	6	94	1459	556	17	91	107	23	0.20175438596491227	0.17692307692307693	False	8812188	8837121
257	chr16	8863414	+	chr16	8920182	-	DEL	64	2560	31	650	0	0	1254	53	2441	49	738	12	745	1280	570	19	95	102	31	0.24603174603174602	0.23308270676691728	False	8863414	8920181
258	chr16	15479472	-	chr16	25890558	-	INV	55	2264	51	1070	29	2018	1974	59	2539	86	1234	41	2156	2234	988	66	106	145	136	0.5619834710743802	0.48398576512455516	False	15479472	25890558
259	chr16	30449480	+	chr16	30611142	-	DEL	81	3764	63	1260	9	412	2068	118	5304	67	1358	6	557	2244	950	14	144	185	29	0.1676300578034682	0.13551401869158877	False	30449480	30611142
260	chr16	36356577	+	chr16	37020285	-	DEL	40	1882	25	292	1	69	1210	60	2456	41	830	1	66	1805	850	21	65	101	23	0.26136363636363635	0.18548387096774194	False	36356485	37020350
261	chr16	51637883	+	chr16	51641189	-	DEL	109	4561	77	1308	8	438	2085	111	4725	79	1290	6	521	2073	814	20	186	190	34	0.15454545454545454	0.15178571428571427	False	51637883	51641189
262	chr16	52312644	+	chr16	52498481	-	DEL	75	3052	70	1088	8	621	1878	117	4756	84	1388	15	691	2165	822	12	145	201	35	0.19444444444444445	0.1483050847457627	False	52312644	52498481
263	chr16	69327141	+	chr16	69617046	-	DEL	43	1630	56	978	12	918	1814	79	3717	61	1018	14	698	1847	896	39	99	140	65	0.39634146341463417	0.3170731707317073	False	69327141	69617046
264	chr16	73328315	-	chr16	73328487	+	DUP	85	3192	78	1338	18	1102	2197	37	1649	19	1354	24	1502	2213	558	0	163	56	42	0.2048780487804878	0.42857142857142855	False	73328315	73328487
265	chr16	74318666	+	chr16	74401809	-	DEL	60	2812	71	1120	24	1411	1882	122	4849	91	1578	21	1313	2992	1202	33	131	213	78	0.37320574162679426	0.26804123711340205	False	74318666	74401809
266	chr16	89361924	+	chr16	89408121	-	DEL	118	4955	105	1562	13	981	2364	58	2487	77	1232	12	811	2143	934	21	223	135	46	0.17100371747211895	0.2541436464088398	False	89361924	89408121
267	chr16	89369345	+	chr16	89416304	-	DEL	73	3009	86	1038	15	811	1835	79	3519	75	882	16	1124	1875	866	34	159	154	65	0.29017857142857145	0.2968036529680365	False	89369345	89416314
268	chr17	1386823	+	chr17	1413708	-	DEL	49	1971	48	748	6	511	1291	38	1770	28	690	6	277	1331	648	11	97	66	23	0.19166666666666668	0.25842696629213485	False	1386823	1413708
269	chr17	27888073	+	chr17	28389028	-	DEL;HIDEP	0	0	0	0	0	0	0	0	0	0	0	0	0	0	0	0	0	0	0	0.0	0.0	False	27888073	28389028
270	chr17	27892998	+	chr17	28032470	-	DEL	260	10710	212	3158	14	927	4986	226	9687	219	3062	11	767	4935	2020	12	472	445	37	0.07269155206286837	0.07676348547717843	False	27892998	28032470
271	chr17	28148190	+	chr17	28149638	+	INV	174	7332	209	2924	1	41	4768	193	8254	171	2850	0	0	4491	1734	20	383	364	21	0.05198019801980198	0.05454545454545454	False	28148090	28149638
272	chr17	28176474	-	chr17	28179472	-	INV	216	9328	178	3024	26	1711	4786	194	8487	142	2986	18	913	5599	2400	37	394	336	81	0.1705263157894737	0.19424460431654678	False	28176474	28179472
273	chr17	28234574	-	chr17	28236111	-	INV;HIDEP	0	0	0	0	0	0	0	0	0	0	0	0	0	0	0	0	0	0	0	0.0	0.0	False	28234574	28236111
274	chr17	28298616	-	chr17	28301003	-	INV;HIDEP	0	0	0	0	0	0	0	0	0	0	0	0	0	0	0	0	0	0	0	0.0	0.0	False	28298616	28301003
275	chr17	28471001	+	chr17	28472270	-	DEL;HIDEP	0	0	0	0	0	0	0	0	0	0	0	0	0	0	0	0	0	0	0	0.0	0.0	False	28471001	28472270
276	chr17	28491732	+	chr17	28505897	+	INV;HIDEP	0	0	0	0	0	0	0	0	0	0	0	0	0	0	0	0	0	0	0	0.0	0.0	False	28491616	28505897
277	chr17	29174141	-	chr17	29175992	-	INV	184	7858	81	2232	10	644	4105	191	8797	140	2260	10	359	4282	2032	27	265	331	47	0.15064102564102563	0.12433862433862433	False	29174141	29175992
278	chr17	32312030	+	chr17	32924371	-	DEL	128	5830	104	1666	17	865	2672	100	4730	85	1482	14	1051	2634	1100	34	232	185	65	0.21885521885521886	0.26	False	32312030	32924371
279	chr17	34039966	+	chr17	62479137	+	INV	113	4529	62	1372	0	0	2641	100	4078	61	1370	1	15	2655	1404	19	175	161	20	0.10256410256410256	0.11049723756906077	False	34039963	62479140
280	chr17	35766764	+	chr17	41026896	-	DEL	71	2828	48	670	13	665	1114	74	3404	62	790	8	568	1315	490	29	119	136	50	0.2958579881656805	0.26881720430107525	False	35766764	41026896
281	chr17	36034660	-	chr17	41814213	+	DUP	29	1261	44	546	13	980	986	71	2727	63	916	14	636	1541	522	33	73	134	60	0.45112781954887216	0.30927835051546393	False	36034660	41814213
282	chr17	42751632	-	chr17	76604599	+	DUP	71	3056	69	1156	31	1727	1998	80	3486	33	1026	25	1986	2336	1178	42	140	113	98	0.4117647058823529	0.46445497630331756	False	42751632	76604599
352	chr17	42873307	-	chr18	1111073	-	INTRX	91	3689	94	1484	18	1225	2501	148	6332	135	2028	24	1331	3228	1220	16	185	283	58	0.23868312757201646	0.17008797653958943	False	42873307	1111073
283	chr17	47119822	-	chr17	58245571	+	DUP	97	3727	80	1222	6	305	1952	86	3265	74	1390	8	622	2250	864	23	177	160	37	0.17289719626168223	0.18781725888324874	False	47119822	58245571
284	chr17	57746909	-	chr17	77114710	-	INV	84	3760	79	1330	8	428	2032	76	3194	48	1174	5	120	2098	950	19	163	124	32	0.1641025641025641	0.20512820512820512	False	57746909	77114710
353	chr17	62779174	+	chr19	27460225	-	INTRX	66	2689	71	1156	16	1050	2121	51	2318	49	748	24	1172	1256	710	12	137	100	52	0.2751322751322751	0.34210526315789475	False	62779174	27460225
354	chr17	65940765	-	chr19	30942693	+	INTRX	70	3216	62	1412	119	7562	2552	83	3314	76	1462	107	6988	2628	998	74	132	159	300	0.6944444444444444	0.6535947712418301	False	65940765	30942693
285	chr17	66143642	+	chr17	67164771	-	DEL	93	3647	74	1580	50	3268	2818	90	3757	96	1726	55	3357	3000	1338	99	167	186	204	0.5498652291105122	0.5230769230769231	False	66143642	67164771
286	chr17	67434431	+	chr17	67437836	-	DEL	156	6592	165	1916	7	445	3313	146	6853	153	1784	6	371	3174	1406	22	321	299	35	0.09831460674157304	0.10479041916167664	False	67434431	67437836
287	chr17	68061830	+	chr17	68083713	+	INV	114	4988	88	1608	55	3426	2771	175	6972	176	2716	59	3906	4442	1516	89	202	351	203	0.5012345679012346	0.3664259927797834	False	68061830	68083713
288	chr17	68080332	-	chr17	68082390	-	INV	120	5252	102	1912	54	2788	3087	172	6375	76	2498	33	1869	4407	1680	84	222	248	171	0.4351145038167939	0.4081145584725537	False	68080332	68082390
289	chr17	68087092	-	chr17	68096135	-	INV	137	6095	89	1714	54	3082	3106	87	3830	88	1588	50	2955	3080	1532	93	226	175	197	0.4657210401891253	0.5295698924731183	False	68087092	68096135
355	chr17	68101708	+	chr19	28450974	-	INTRX	127	5923	83	1632	73	5196	2899	54	2242	37	1062	71	3972	1918	1038	51	210	91	195	0.48148148148148145	0.6818181818181818	False	68101708	28450974
290	chr17	72449917	+	chr17	72506012	-	DEL	39	1624	39	788	24	1860	1384	33	1288	39	710	23	1096	1322	604	45	78	72	92	0.5411764705882353	0.5609756097560976	False	72449917	72506012
291	chr17	72522081	+	chr17	72552557	-	DEL	60	2828	42	950	13	579	1636	147	5782	97	2004	5	325	3210	1070	19	102	244	37	0.26618705035971224	0.13167259786476868	False	72522081	72552557
356	chr17	72537683	-	chr19	38725774	-	INTRX;HIDEP	0	0	0	0	0	0	0	0	0	0	0	0	0	0	0	0	0	0	0	0.0	0.0	False	72537683	38725774
292	chr17	76535956	-	chr17	76604805	+	DUP	119	4851	113	1686	23	1106	2756	74	3508	57	1064	15	989	2271	1388	14	232	131	52	0.18309859154929578	0.28415300546448086	False	76535956	76604805
293	chr17	82443766	+	chr17	82527182	-	DEL	93	4166	74	1224	5	239	2131	47	1620	40	980	5	329	1741	872	23	167	87	33	0.165	0.275	False	82443766	82527182
294	chr18	174017	-	chr18	1353598	+	DUP	89	3910	75	1214	15	1196	2201	121	5319	114	1610	17	1082	2542	1002	21	164	235	53	0.24423963133640553	0.1840277777777778	False	174017	1353598
295	chr18	885713	-	chr18	1166190	-	INV	90	4207	103	1700	52	3815	2823	154	7660	130	2252	50	2774	3761	1378	76	193	284	178	0.4797843665768194	0.3852813852813853	False	885713	1166190
296	chr18	1111086	+	chr18	1112439	+	INV	146	6453	136	2016	8	424	3229	151	6488	137	1916	8	514	3132	1216	22	282	288	38	0.11875	0.1165644171779141	False	1111081	1112434
365	chr18	1816738	+	chr19	30578667	-	INTRX	122	5648	116	1684	21	1186	2725	211	9075	203	2568	19	1115	4115	1486	18	238	414	58	0.19594594594594594	0.1228813559322034	False	1816738	30578667
297	chr18	7778445	+	chr18	7779326	-	DEL	83	3522	77	1170	10	809	1892	77	3540	74	1182	11	842	1912	598	9	160	151	30	0.15789473684210525	0.16574585635359115	False	7778445	7779326
298	chr18	10604773	+	chr18	12230801	+	INV	104	4524	57	1402	1	92	2381	97	4296	91	1340	0	0	2342	1058	21	161	188	22	0.12021857923497267	0.10476190476190476	False	10604781	12230801
299	chr18	80007599	+	chr18	80097645	-	DEL	64	2550	50	970	3	140	1575	49	1929	50	796	5	394	1299	626	25	114	99	33	0.22448979591836735	0.25	False	80007599	80097645
300	chr19	5181306	+	chr19	5182734	-	DEL	16	588	36	604	8	668	1416	74	3007	42	1010	10	594	1673	800	8	52	116	26	0.3333333333333333	0.18309859154929578	False	5181306	5182734
301	chr19	9437219	+	chr19	9583957	-	DEL	46	2041	70	862	10	599	1575	100	4531	68	940	9	635	1762	798	11	116	168	30	0.2054794520547945	0.15151515151515152	False	9437219	9583957
302	chr19	12265133	+	chr19	12314218	-	DEL	42	1845	32	718	0	0	1366	34	1654	25	802	10	580	1521	654	32	74	59	42	0.3620689655172414	0.4158415841584158	False	12265010	12314216
303	chr19	24345738	+	chr19	29085362	+	INV	128	5563	94	1576	1	71	2663	279	12316	321	3834	0	0	6105	1916	22	222	600	23	0.09387755102040816	0.03691813804173355	False	24345744	29085362
384	chr19	24395216	-	chrX	2308173	+	INTRX	175	7649	107	1970	23	880	3124	148	6802	133	2046	0	0	3604	1414	35	282	281	58	0.17058823529411765	0.1710914454277286	False	24395215	2308173
304	chr19	27448256	+	chr19	37791409	-	DEL	47	2051	22	616	16	997	1258	262	11722	205	3452	15	813	5489	1436	17	69	467	48	0.41025641025641024	0.09320388349514563	False	27448256	37791409
305	chr19	27719133	-	chr19	27809301	-	INV	62	2456	59	1108	20	1038	2001	84	3322	53	1028	10	607	1758	814	43	121	137	73	0.37628865979381443	0.3476190476190476	False	27719133	27809301
306	chr19	28696279	-	chr19	29623878	-	INV	104	4452	81	1614	10	789	2616	153	6420	162	2102	11	512	3426	1314	15	185	315	36	0.16289592760180996	0.10256410256410256	False	28696279	29623878
307	chr19	28831543	+	chr19	34932396	-	DEL	130	5044	117	1668	38	2074	2771	54	2550	61	1104	33	2683	2005	1032	51	247	115	122	0.33062330623306235	0.5147679324894515	False	28831543	34932396
308	chr19	28886399	-	chr19	30816218	+	DUP	77	3230	70	2160	149	8835	4216	37	1303	8	1782	97	7626	5423	2888	248	147	45	494	0.7706708268330733	0.9165120593692022	False	28886399	30816216
309	chr19	29778307	-	chr19	29780175	-	INV	183	7182	160	2480	32	2058	3999	240	11073	180	2858	33	1838	4837	1996	37	343	420	102	0.2292134831460674	0.19540229885057472	False	29778307	29780175
310	chr19	38156093	+	chr19	56793028	+	INV	230	9611	209	3256	0	0	5303	77	3113	80	934	0	0	1548	1450	13	439	157	13	0.028761061946902654	0.07647058823529412	False	38155962	56793028
311	chr19	38906432	+	chr19	38906854	-	DEL;HIDEP	0	0	0	0	0	0	0	0	0	0	0	0	0	0	0	0	0	0	0	0.0	0.0	False	38906432	38906854
312	chr19	39835179	+	chr19	39836073	+	INV	227	9926	172	2920	122	5790	5213	79	3453	56	1606	97	7244	3131	1838	20	399	135	239	0.37460815047021945	0.6390374331550802	False	39835179	39836073
313	chr19	43759603	-	chr19	43761648	+	DUP	72	2878	57	866	7	374	1756	87	3851	64	1106	7	458	1764	902	13	129	151	27	0.17307692307692307	0.15168539325842698	False	43759603	43761648
314	chr19	55298804	-	chr19	55504782	+	DUP	110	5111	70	1244	7	566	2290	103	4144	83	1320	0	0	2278	994	35	180	186	42	0.1891891891891892	0.18421052631578946	False	55298802	55504782
315	chr19	57667096	+	chr19	57854075	-	DEL	58	2552	59	918	8	415	1494	52	2032	45	864	9	688	1373	592	19	117	97	36	0.23529411764705882	0.2706766917293233	False	57667096	57854075
316	chr20	14009494	-	chr20	14017721	+	DUP	63	2738	49	984	5	261	1569	49	2095	65	874	8	446	1435	590	20	112	114	33	0.22758620689655173	0.22448979591836735	False	14009494	14017721
317	chr20	14747626	+	chr20	15035760	-	DEL	51	2100	46	774	3	144	1300	46	1849	64	764	3	73	1274	580	26	97	110	32	0.24806201550387597	0.22535211267605634	False	14747626	15035760
318	chr20	28754986	+	chr20	28757880	-	DEL	31	1411	11	524	0	0	1370	6	114	16	534	0	0	1124	592	10	42	22	10	0.19230769230769232	0.3125	False	28754986	28757880
319	chr22	22048500	-	chr22	23189275	+	DUP	77	3708	68	1332	14	764	2262	127	5784	64	1702	14	620	2786	1056	44	145	191	72	0.3317972350230415	0.2737642585551331	False	22048500	23189275
320	chr22	28207311	+	chr22	28247024	-	DEL	63	2753	53	1084	21	1320	1863	85	3674	52	1100	25	1711	1818	848	29	116	137	75	0.39267015706806285	0.35377358490566035	False	28207311	28247024
321	chr22	28753245	-	chr22	28757859	-	INV	86	3845	73	1274	13	712	2531	134	6506	116	1742	8	575	2782	1314	19	159	250	40	0.20100502512562815	0.13793103448275862	False	28753245	28757859
322	chr22	28827249	+	chr22	29071286	-	DEL	104	4230	120	1694	16	841	2739	127	5134	99	1656	15	1150	2833	1274	20	224	226	51	0.18545454545454546	0.18411552346570398	False	28827249	29071286
323	chr22	35889270	+	chr22	36055476	-	DEL	42	1838	37	708	17	937	1154	42	1650	21	586	19	795	1016	478	20	79	63	56	0.4148148148148148	0.47058823529411764	False	35889270	36055476
324	chr22	37600111	+	chr22	37964071	-	DEL	28	1221	12	562	3	56	1134	70	3070	40	838	0	0	1417	618	13	40	110	16	0.2857142857142857	0.12698412698412698	False	37600111	37964067
325	chr22	38550840	+	chr22	38633563	-	DEL	31	1561	22	490	5	333	1133	49	2075	47	662	8	549	1178	620	7	53	96	20	0.273972602739726	0.1724137931034483	False	38550840	38633563
326	chr22	45902668	-	chr22	46150848	+	DUP	77	3300	58	1082	17	969	1836	75	3431	47	980	13	1026	1885	852	17	135	122	47	0.25824175824175827	0.2781065088757396	False	45902668	46150848
327	chrX	434808	+	chrX	1865850	-	DEL	160	7073	127	2096	7	506	3653	195	8166	183	2582	8	521	4461	1802	13	287	378	28	0.08888888888888889	0.06896551724137931	False	434808	1865850
328	chrX	1655614	+	chrX	1865865	+	INV	120	4965	110	1566	1	47	2800	198	8143	178	2586	0	0	4461	1616	26	230	376	27	0.10505836575875487	0.06699751861042183	False	1655511	1865865
329	chrX	1713340	-	chrX	1727018	+	DUP	147	5734	137	1884	29	1492	3215	170	7510	133	2148	4	236	3498	1434	25	284	303	58	0.1695906432748538	0.16066481994459833	False	1713340	1727018
330	chrX	1717739	-	chrX	1728989	-	INV	149	6857	153	2096	11	655	3408	154	6555	98	2114	7	524	3786	1760	34	302	252	52	0.14689265536723164	0.17105263157894737	False	1717739	1728996
331	chrX	1781402	-	chrX	1866393	+	DUP	238	10770	152	2516	7	256	4219	141	5806	113	2414	1	34	4339	1906	20	390	254	28	0.06698564593301436	0.09929078014184398	False	1781401	1866388
332	chrX	2699882	+	chrX	2700737	+	INV	158	6539	123	1906	0	0	3279	124	5092	61	1400	4	74	2761	1170	14	281	185	18	0.06020066889632107	0.08866995073891626	False	2699775	2700734
333	chrX	5833220	-	chrX	7161240	+	DUP	40	1746	32	622	7	160	1181	62	2815	52	712	0	0	1176	554	18	72	114	25	0.25773195876288657	0.17985611510791366	False	5833217	7161240
334	chrX	9521876	+	chrX	9541878	-	DEL	46	2158	22	486	0	0	854	40	1872	33	548	20	1239	960	392	11	68	73	31	0.31313131313131315	0.2980769230769231	False	9521876	9541877
335	chrX	38046992	+	chrX	38121065	-	DEL	41	1864	33	594	11	736	944	31	1488	36	576	9	607	944	394	19	74	67	39	0.34513274336283184	0.36792452830188677	False	38046992	38121065
336	chrX	55911887	+	chrX	56222028	-	DEL	33	1608	32	452	6	189	823	26	887	37	552	1	88	921	406	8	65	63	15	0.1875	0.19230769230769232	False	55911887	56222028
337	chrX	72264888	+	chrX	72469343	-	DEL	22	1104	7	378	7	415	1056	30	1115	44	518	11	648	883	382	16	29	74	34	0.5396825396825397	0.3148148148148148	False	72264888	72469343
338	chrX	77745095	+	chrX	77746251	-	DEL	15	864	11	408	18	987	829	17	827	27	436	12	852	691	316	24	26	44	54	0.675	0.5510204081632653	False	77745095	77746251
339	chrX	123810356	+	chrX	123904915	-	DEL	34	1224	33	498	5	401	956	37	1495	46	646	9	567	970	428	16	67	83	30	0.30927835051546393	0.26548672566371684	False	123810356	123904915
340	chrX	123910271	+	chrX	124256167	-	DEL	44	2073	30	574	9	478	1004	31	1452	27	596	8	515	940	440	18	74	58	35	0.3211009174311927	0.3763440860215054	False	123910271	124256167
