id	mutation_id	purity	normal_cn	var_counts1	ref_counts1	total_counts1	vaf1	major_cn1_sub1	minor_cn1_sub1	total_cn1_sub1	frac_cn1_sub1	major_cn1_sub2	minor_cn1_sub2	total_cn1_sub2	frac_cn1_sub2	var_counts2	ref_counts2	total_counts2	vaf2	major_cn2_sub1	minor_cn2_sub1	total_cn2_sub1	frac_cn2_sub1	major_cn2_sub2	minor_cn2_sub2	total_cn2_sub2	frac_cn2_sub2
1	chr1:1649051:+_chr1:1745954:-	0.4315	2.0	18.0	150	168.0	0.10714285714285714	2.0	1.0	3.0	1.0	0.0	0.0	0.0	0.0	18.0	113	131.0	0.13740458015267176	2.0	1.0	3.0	1.0	0.0	0.0	0.0	0.0
2	chr1:15850778:+_chr1:15899038:-	0.4315	2.0	71.0	105	176.0	0.4034090909090909	2.0	1.0	3.0	1.0	0.0	0.0	0.0	0.0	71.0	113	184.0	0.3858695652173913	2.0	1.0	3.0	1.0	0.0	0.0	0.0	0.0
3	chr1:15904254:+_chr1:15905564:-	0.4315	2.0	78.0	89	167.0	0.46706586826347307	2.0	1.0	3.0	1.0	0.0	0.0	0.0	0.0	78.0	105	183.0	0.4262295081967213	2.0	1.0	3.0	1.0	0.0	0.0	0.0	0.0
4	chr1:21061742:+_chr1:21078409:-	0.4315	2.0	33.0	119	152.0	0.21710526315789475	2.0	1.0	3.0	1.0	0.0	0.0	0.0	0.0	33.0	135	168.0	0.19642857142857142	2.0	1.0	3.0	1.0	0.0	0.0	0.0	0.0
5	chr1:27432275:+_chr1:27585874:-	0.4315	2.0	30.0	136	166.0	0.18072289156626506	2.0	1.0	3.0	1.0	0.0	0.0	0.0	0.0	30.0	133	163.0	0.18404907975460122	2.0	1.0	3.0	1.0	0.0	0.0	0.0	0.0
6	chr1:35183852:+_chr1:35184826:-	0.4315	2.0	66.0	94	160.0	0.4125	2.0	1.0	3.0	1.0	0.0	0.0	0.0	0.0	66.0	119	185.0	0.3567567567567568	2.0	1.0	3.0	1.0	0.0	0.0	0.0	0.0
7	chr1:55156351:+_chr1:55158510:-	0.4315	2.0	54.0	90	144.0	0.375	2.0	1.0	3.0	1.0	0.0	0.0	0.0	0.0	54.0	99	153.0	0.35294117647058826	2.0	1.0	3.0	1.0	0.0	0.0	0.0	0.0
8	chr1:58449697:-_chr1:58660435:+	0.4315	2.0	41.0	164	205.0	0.2	2.0	1.0	3.0	1.0	0.0	0.0	0.0	0.0	41.0	129	170.0	0.2411764705882353	2.0	1.0	3.0	1.0	0.0	0.0	0.0	0.0
9	chr1:77709923:+_chr1:77939114:-	0.4315	2.0	42.0	93	135.0	0.3111111111111111	2.0	1.0	3.0	1.0	0.0	0.0	0.0	0.0	42.0	92	134.0	0.31343283582089554	2.0	1.0	3.0	1.0	0.0	0.0	0.0	0.0
10	chr1:77728686:+_chr1:77941196:-	0.4315	2.0	35.0	88	123.0	0.2845528455284553	2.0	1.0	3.0	1.0	0.0	0.0	0.0	0.0	35.0	109	144.0	0.24305555555555555	2.0	1.0	3.0	1.0	0.0	0.0	0.0	0.0
11	chr1:78011379:+_chr1:78015272:-	0.4315	2.0	36.0	105	141.0	0.2553191489361702	1.0	0.0	1.0	1.0	0.0	0.0	0.0	0.0	36.0	126	162.0	0.2222222222222222	2.0	1.0	3.0	1.0	0.0	0.0	0.0	0.0
58	chr1:84052285:+_chr10:108142776:-	0.4315	2.0	28.0	31	59.0	0.4745762711864407	2.0	1.0	3.0	1.0	0.0	0.0	0.0	0.0	28.0	126	154.0	0.18181818181818182	3.0	0.0	3.0	1.0	0.0	0.0	0.0	0.0
12	chr1:107586198:+_chr1:107588586:-	0.4315	2.0	20.0	136	156.0	0.1282051282051282	2.0	1.0	3.0	1.0	0.0	0.0	0.0	0.0	20.0	154	174.0	0.11494252873563218	2.0	1.0	3.0	1.0	0.0	0.0	0.0	0.0
13	chr1:151094135:-_chr1:186235167:+	0.4315	2.0	55.0	152	207.0	0.26570048309178745	3.0	1.0	4.0	1.0	0.0	0.0	0.0	0.0	55.0	242	297.0	0.18518518518518517	2.0	2.0	4.0	1.0	0.0	0.0	0.0	0.0
14	chr1:151785479:-_chr1:151891029:+	0.4315	2.0	32.0	159	191.0	0.16753926701570682	4.0	1.0	5.0	1.0	0.0	0.0	0.0	0.0	32.0	224	256.0	0.125	8.0	2.0	10.0	1.0	0.0	0.0	0.0	0.0
15	chr1:151881621:-_chr1:152850410:+	0.4315	2.0	43.0	236	279.0	0.15412186379928317	4.0	1.0	5.0	1.0	0.0	0.0	0.0	0.0	43.0	191	234.0	0.18376068376068377	4.0	1.0	5.0	1.0	0.0	0.0	0.0	0.0
16	chr1:151946006:-_chr1:152056098:+	0.4315	2.0	169.0	256	425.0	0.3976470588235294	4.0	2.0	6.0	1.0	0.0	0.0	0.0	0.0	169.0	234	403.0	0.41935483870967744	4.0	4.0	8.0	1.0	0.0	0.0	0.0	0.0
17	chr1:151984106:-_chr1:152503605:+	0.4315	2.0	25.0	312	337.0	0.07418397626112759	4.0	2.0	6.0	1.0	0.0	0.0	0.0	0.0	25.0	268	293.0	0.08532423208191127	4.0	2.0	6.0	1.0	0.0	0.0	0.0	0.0
18	chr1:152038992:-_chr1:187093330:+	0.4315	2.0	44.0	400	444.0	0.0990990990990991	4.0	2.0	6.0	1.0	0.0	0.0	0.0	0.0	44.0	171	215.0	0.20465116279069767	2.0	2.0	4.0	1.0	0.0	0.0	0.0	0.0
64	chr1:152450385:-_chr17:42029011:-	0.4315	2.0	69.0	309	378.0	0.18253968253968253	4.0	2.0	6.0	1.0	0.0	0.0	0.0	0.0	69.0	139	208.0	0.3317307692307692	2.0	0.0	2.0	1.0	0.0	0.0	0.0	0.0
20	chr1:155115466:-_chr1:155145562:-	0.4315	2.0	26.0	227	253.0	0.10276679841897234	4.0	1.0	5.0	1.0	0.0	0.0	0.0	0.0	26.0	174	200.0	0.13	3.0	1.0	4.0	1.0	0.0	0.0	0.0	0.0
21	chr1:155129539:+_chr1:155145815:+	0.4315	2.0	15.0	257	272.0	0.05514705882352941	4.0	1.0	5.0	1.0	0.0	0.0	0.0	0.0	15.0	196	211.0	0.07109004739336493	3.0	1.0	4.0	1.0	0.0	0.0	0.0	0.0
23	chr1:155831839:-_chr1:161753432:+	0.4315	2.0	27.0	150	177.0	0.15254237288135594	3.0	1.0	4.0	1.0	0.0	0.0	0.0	0.0	27.0	206	233.0	0.11587982832618025	3.0	3.0	6.0	1.0	0.0	0.0	0.0	0.0
60	chr1:163095572:+_chr13:62019216:-	0.4315	2.0	25.0	124	149.0	0.16778523489932887	3.0	1.0	4.0	1.0	0.0	0.0	0.0	0.0	25.0	55	80.0	0.3125	2.0	0.0	2.0	1.0	0.0	0.0	0.0	0.0
65	chr1:181338521:-_chr17:67375427:+	0.4315	2.0	109.0	107	216.0	0.5046296296296297	2.0	2.0	4.0	1.0	0.0	0.0	0.0	0.0	109.0	140	249.0	0.43775100401606426	6.0	3.0	9.0	1.0	0.0	0.0	0.0	0.0
66	chr1:182450747:-_chr17:34634735:+	0.4315	2.0	65.0	227	292.0	0.2226027397260274	3.0	2.0	5.0	1.0	0.0	0.0	0.0	0.0	65.0	206	271.0	0.23985239852398524	5.0	0.0	5.0	1.0	0.0	0.0	0.0	0.0
38	chr1:186121827:-_chr1:186233796:-	0.4315	2.0	50.0	288	338.0	0.14792899408284024	6.0	2.0	8.0	1.0	0.0	0.0	0.0	0.0	50.0	277	327.0	0.1529051987767584	2.0	2.0	4.0	1.0	0.0	0.0	0.0	0.0
39	chr1:186230228:+_chr1:186235579:-	0.4315	2.0	47.0	268	315.0	0.1492063492063492	6.0	2.0	8.0	1.0	0.0	0.0	0.0	0.0	47.0	268	315.0	0.1492063492063492	2.0	2.0	4.0	1.0	0.0	0.0	0.0	0.0
67	chr1:186255650:+_chr18:25736425:-	0.4315	2.0	152.0	226	378.0	0.4021164021164021	6.0	2.0	8.0	1.0	0.0	0.0	0.0	0.0	152.0	179	331.0	0.459214501510574	5.0	2.0	7.0	1.0	0.0	0.0	0.0	0.0
40	chr1:189132744:-_chr1:189224782:-	0.4315	2.0	174.0	132	306.0	0.5686274509803921	2.0	0.0	2.0	1.0	0.0	0.0	0.0	0.0	174.0	143	317.0	0.5488958990536278	4.0	2.0	6.0	1.0	0.0	0.0	0.0	0.0
41	chr1:189148304:+_chr1:189282131:-	0.4315	2.0	98.0	106	204.0	0.4803921568627451	2.0	0.0	2.0	1.0	0.0	0.0	0.0	0.0	98.0	229	327.0	0.2996941896024465	4.0	2.0	6.0	1.0	0.0	0.0	0.0	0.0
68	chr1:189290884:+_chr18:26314565:+	0.4315	2.0	186.0	251	437.0	0.425629290617849	2.0	0.0	2.0	1.0	0.0	0.0	0.0	0.0	186.0	137	323.0	0.5758513931888545	5.0	2.0	7.0	1.0	0.0	0.0	0.0	0.0
42	chr1:189461862:+_chr1:193128466:-	0.4315	2.0	93.0	126	219.0	0.4246575342465753	4.0	2.0	6.0	1.0	0.0	0.0	0.0	0.0	93.0	151	244.0	0.38114754098360654	4.0	2.0	6.0	1.0	0.0	0.0	0.0	0.0
43	chr1:190084819:-_chr1:190118926:-	0.4315	2.0	160.0	130	290.0	0.5517241379310345	2.0	0.0	2.0	1.0	0.0	0.0	0.0	0.0	160.0	107	267.0	0.599250936329588	5.0	2.0	7.0	1.0	0.0	0.0	0.0	0.0
63	chr1:196705039:-_chr13:111458682:+	0.4315	2.0	54.0	388	442.0	0.12217194570135746	7.0	2.0	9.0	1.0	0.0	0.0	0.0	0.0	54.0	154	208.0	0.25961538461538464	2.0	1.0	3.0	1.0	0.0	0.0	0.0	0.0
45	chr1:196716233:+_chr1:196719750:+	0.4315	2.0	34.0	323	357.0	0.09523809523809523	7.0	2.0	9.0	1.0	0.0	0.0	0.0	0.0	34.0	247	281.0	0.12099644128113879	7.0	2.0	9.0	1.0	0.0	0.0	0.0	0.0
53	chr1:197702767:+_chr4:152690789:+	0.4315	2.0	68.0	180	248.0	0.27419354838709675	7.0	2.0	9.0	1.0	0.0	0.0	0.0	0.0	68.0	138	206.0	0.3300970873786408	2.0	0.0	2.0	1.0	0.0	0.0	0.0	0.0
54	chr1:198277176:-_chr4:107573763:+	0.4315	2.0	203.0	193	396.0	0.5126262626262627	6.0	2.0	8.0	1.0	0.0	0.0	0.0	0.0	203.0	144	347.0	0.5850144092219021	4.0	2.0	6.0	1.0	0.0	0.0	0.0	0.0
46	chr1:201232828:-_chr1:201234733:-	0.4315	2.0	69.0	269	338.0	0.20414201183431951	6.0	2.0	8.0	1.0	0.0	0.0	0.0	0.0	69.0	409	478.0	0.14435146443514643	10.0	2.0	12.0	1.0	0.0	0.0	0.0	0.0
48	chr1:208097534:+_chr1:208167579:-	0.4315	2.0	85.0	77	162.0	0.5246913580246914	2.0	0.0	2.0	1.0	0.0	0.0	0.0	0.0	85.0	113	198.0	0.4292929292929293	2.0	0.0	2.0	1.0	0.0	0.0	0.0	0.0
49	chr1:220673559:-_chr1:221027917:+	0.4315	2.0	53.0	104	157.0	0.3375796178343949	2.0	0.0	2.0	1.0	0.0	0.0	0.0	0.0	53.0	122	175.0	0.3028571428571429	2.0	0.0	2.0	1.0	0.0	0.0	0.0	0.0
75	chr1:223890331:-_chr19:30202477:+	0.4315	2.0	101.0	160	261.0	0.38697318007662834	2.0	2.0	4.0	1.0	0.0	0.0	0.0	0.0	101.0	366	467.0	0.21627408993576017	9.0	2.0	11.0	1.0	0.0	0.0	0.0	0.0
50	chr1:228187700:-_chr1:230598581:+	0.4315	2.0	32.0	128	160.0	0.2	2.0	1.0	3.0	1.0	0.0	0.0	0.0	0.0	32.0	154	186.0	0.17204301075268819	2.0	1.0	3.0	1.0	0.0	0.0	0.0	0.0
51	chr1:235643644:+_chr1:246263865:-	0.4315	2.0	37.0	151	188.0	0.19680851063829788	2.0	1.0	3.0	1.0	0.0	0.0	0.0	0.0	37.0	115	152.0	0.24342105263157895	2.0	1.0	3.0	1.0	0.0	0.0	0.0	0.0
53	chr2:6707009:+_chr2:25284878:-	0.4315	2.0	37.0	152	189.0	0.19576719576719576	2.0	2.0	4.0	1.0	0.0	0.0	0.0	0.0	37.0	177	214.0	0.17289719626168223	2.0	2.0	4.0	1.0	0.0	0.0	0.0	0.0
366	chr2:20172550:+_chr19:37807878:+	0.4315	2.0	60.0	175	235.0	0.2553191489361702	2.0	1.0	3.0	1.0	0.0	0.0	0.0	0.0	60.0	401	461.0	0.1301518438177874	6.0	2.0	8.0	1.0	0.0	0.0	0.0	0.0
54	chr2:20301952:+_chr2:20331704:-	0.4315	2.0	47.0	153	200.0	0.235	2.0	1.0	3.0	1.0	0.0	0.0	0.0	0.0	47.0	115	162.0	0.29012345679012347	2.0	1.0	3.0	1.0	0.0	0.0	0.0	0.0
106	chr2:35608151:-_chr22:28669579:+	0.4315	2.0	85.0	117	202.0	0.4207920792079208	2.0	2.0	4.0	1.0	0.0	0.0	0.0	0.0	85.0	166	251.0	0.3386454183266932	2.0	2.0	4.0	1.0	0.0	0.0	0.0	0.0
55	chr2:38579065:+_chr2:38804691:-	0.4315	2.0	43.0	141	184.0	0.23369565217391305	2.0	2.0	4.0	1.0	0.0	0.0	0.0	0.0	43.0	107	150.0	0.2866666666666667	2.0	2.0	4.0	1.0	0.0	0.0	0.0	0.0
56	chr2:39170552:+_chr2:39289190:-	0.4315	2.0	35.0	163	198.0	0.17676767676767677	2.0	2.0	4.0	1.0	0.0	0.0	0.0	0.0	35.0	172	207.0	0.16908212560386474	2.0	2.0	4.0	1.0	0.0	0.0	0.0	0.0
57	chr2:53537965:+_chr2:53539243:-	0.4315	2.0	26.0	113	139.0	0.18705035971223022	2.0	2.0	4.0	1.0	0.0	0.0	0.0	0.0	26.0	161	187.0	0.13903743315508021	2.0	2.0	4.0	1.0	0.0	0.0	0.0	0.0
58	chr2:53540235:+_chr2:53545557:-	0.4315	2.0	31.0	128	159.0	0.1949685534591195	2.0	2.0	4.0	1.0	0.0	0.0	0.0	0.0	31.0	199	230.0	0.13478260869565217	2.0	2.0	4.0	1.0	0.0	0.0	0.0	0.0
59	chr2:61331593:+_chr2:61381397:-	0.4315	2.0	27.0	140	167.0	0.16167664670658682	2.0	2.0	4.0	1.0	0.0	0.0	0.0	0.0	27.0	138	165.0	0.16363636363636364	2.0	2.0	4.0	1.0	0.0	0.0	0.0	0.0
60	chr2:72378849:-_chr2:72393722:-	0.4315	2.0	65.0	136	201.0	0.32338308457711445	2.0	2.0	4.0	1.0	0.0	0.0	0.0	0.0	65.0	109	174.0	0.3735632183908046	2.0	1.0	3.0	1.0	0.0	0.0	0.0	0.0
61	chr2:72384748:-_chr2:72390031:-	0.4315	2.0	43.0	147	190.0	0.22631578947368422	2.0	2.0	4.0	1.0	0.0	0.0	0.0	0.0	43.0	171	214.0	0.20093457943925233	2.0	1.0	3.0	1.0	0.0	0.0	0.0	0.0
63	chr2:78774410:+_chr2:152030307:-	0.4315	2.0	27.0	116	143.0	0.1888111888111888	2.0	1.0	3.0	1.0	0.0	0.0	0.0	0.0	27.0	151	178.0	0.15168539325842698	2.0	2.0	4.0	1.0	0.0	0.0	0.0	0.0
64	chr2:84674549:+_chr2:85000558:-	0.4315	2.0	31.0	100	131.0	0.2366412213740458	2.0	0.0	2.0	1.0	0.0	0.0	0.0	0.0	31.0	126	157.0	0.19745222929936307	2.0	0.0	2.0	1.0	0.0	0.0	0.0	0.0
65	chr2:96184206:-_chr2:191556343:+	0.4315	2.0	110.0	134	244.0	0.45081967213114754	2.0	2.0	4.0	1.0	0.0	0.0	0.0	0.0	110.0	149	259.0	0.4247104247104247	2.0	1.0	3.0	1.0	0.0	0.0	0.0	0.0
66	chr2:100497577:+_chr2:181187559:+	0.4315	2.0	36.0	133	169.0	0.21301775147928995	2.0	2.0	4.0	1.0	0.0	0.0	0.0	0.0	36.0	209	245.0	0.1469387755102041	3.0	2.0	5.0	1.0	0.0	0.0	0.0	0.0
67	chr2:100513880:+_chr2:181184166:-	0.4315	2.0	21.0	162	183.0	0.11475409836065574	2.0	2.0	4.0	1.0	0.0	0.0	0.0	0.0	21.0	255	276.0	0.07608695652173914	3.0	2.0	5.0	1.0	0.0	0.0	0.0	0.0
68	chr2:100669426:-_chr2:103272151:+	0.4315	2.0	27.0	110	137.0	0.19708029197080293	2.0	0.0	2.0	1.0	0.0	0.0	0.0	0.0	27.0	112	139.0	0.19424460431654678	2.0	0.0	2.0	1.0	0.0	0.0	0.0	0.0
69	chr2:100682303:-_chr2:181186795:+	0.4315	2.0	29.0	139	168.0	0.17261904761904762	2.0	0.0	2.0	1.0	0.0	0.0	0.0	0.0	29.0	160	189.0	0.15343915343915343	3.0	2.0	5.0	1.0	0.0	0.0	0.0	0.0
70	chr2:103271770:-_chr2:182163300:-	0.4315	2.0	15.0	147	162.0	0.09259259259259259	2.0	2.0	4.0	1.0	0.0	0.0	0.0	0.0	15.0	204	219.0	0.0684931506849315	5.0	2.0	7.0	1.0	0.0	0.0	0.0	0.0
71	chr2:158853095:-_chr2:158873909:+	0.4315	2.0	9.0	146	155.0	0.05806451612903226	2.0	2.0	4.0	1.0	0.0	0.0	0.0	0.0	9.0	189	198.0	0.045454545454545456	2.0	2.0	4.0	1.0	0.0	0.0	0.0	0.0
72	chr2:159776059:+_chr2:160374231:-	0.4315	2.0	36.0	96	132.0	0.2727272727272727	2.0	2.0	4.0	1.0	0.0	0.0	0.0	0.0	36.0	187	223.0	0.16143497757847533	2.0	2.0	4.0	1.0	0.0	0.0	0.0	0.0
73	chr2:160341097:+_chr2:160348104:-	0.4315	2.0	80.0	95	175.0	0.45714285714285713	2.0	1.0	3.0	1.0	0.0	0.0	0.0	0.0	80.0	109	189.0	0.42328042328042326	2.0	2.0	4.0	1.0	0.0	0.0	0.0	0.0
75	chr2:181187674:-_chr2:182165015:+	0.4315	2.0	9.0	166	175.0	0.05142857142857143	2.0	2.0	4.0	1.0	0.0	0.0	0.0	0.0	9.0	183	192.0	0.046875	5.0	2.0	7.0	1.0	0.0	0.0	0.0	0.0
104	chr2:182311950:-_chr6:35352037:-	0.4315	2.0	83.0	252	335.0	0.24776119402985075	4.0	2.0	6.0	1.0	0.0	0.0	0.0	0.0	83.0	148	231.0	0.3593073593073593	1.0	1.0	2.0	1.0	0.0	0.0	0.0	0.0
77	chr2:182324864:+_chr2:182328015:+	0.4315	2.0	27.0	303	330.0	0.08181818181818182	5.0	2.0	7.0	1.0	0.0	0.0	0.0	0.0	27.0	304	331.0	0.08157099697885196	4.0	2.0	6.0	1.0	0.0	0.0	0.0	0.0
78	chr2:185527502:+_chr2:185806882:-	0.4315	2.0	28.0	152	180.0	0.15555555555555556	3.0	2.0	5.0	1.0	0.0	0.0	0.0	0.0	28.0	159	187.0	0.1497326203208556	3.0	2.0	5.0	1.0	0.0	0.0	0.0	0.0
79	chr2:197440819:-_chr2:200488820:+	0.4315	2.0	50.0	140	190.0	0.2631578947368421	2.0	1.0	3.0	1.0	0.0	0.0	0.0	0.0	50.0	119	169.0	0.2958579881656805	2.0	1.0	3.0	1.0	0.0	0.0	0.0	0.0
80	chr2:233748060:-_chr2:233907745:+	0.4315	2.0	113.0	138	251.0	0.450199203187251	2.0	0.0	2.0	1.0	0.0	0.0	0.0	0.0	113.0	128	241.0	0.46887966804979253	2.0	0.0	2.0	1.0	0.0	0.0	0.0	0.0
88	chr3:3835649:+_chr3:3838103:-	0.4315	2.0	10.0	152	162.0	0.06172839506172839	5.0	1.0	6.0	1.0	0.0	0.0	0.0	0.0	10.0	216	226.0	0.04424778761061947	3.0	1.0	4.0	1.0	0.0	0.0	0.0	0.0
90	chr3:7301854:-_chr3:46888447:+	0.4315	2.0	30.0	159	189.0	0.15873015873015872	3.0	1.0	4.0	1.0	0.0	0.0	0.0	0.0	30.0	263	293.0	0.10238907849829351	4.0	0.0	4.0	1.0	0.0	0.0	0.0	0.0
137	chr3:7367269:+_chr9:124424333:+	0.4315	2.0	33.0	153	186.0	0.1774193548387097	3.0	1.0	4.0	1.0	0.0	0.0	0.0	0.0	33.0	166	199.0	0.1658291457286432	1.0	1.0	2.0	1.0	0.0	0.0	0.0	0.0
91	chr3:9049389:+_chr3:9060534:-	0.4315	2.0	91.0	237	328.0	0.2774390243902439	3.0	1.0	4.0	1.0	0.0	0.0	0.0	0.0	91.0	172	263.0	0.34600760456273766	5.0	1.0	6.0	1.0	0.0	0.0	0.0	0.0
92	chr3:11183362:+_chr3:11318837:-	0.4315	2.0	63.0	280	343.0	0.1836734693877551	5.0	1.0	6.0	1.0	0.0	0.0	0.0	0.0	63.0	297	360.0	0.175	7.0	1.0	8.0	1.0	0.0	0.0	0.0	0.0
93	chr3:11308982:+_chr3:11319305:-	0.4315	2.0	86.0	278	364.0	0.23626373626373626	5.0	1.0	6.0	1.0	0.0	0.0	0.0	0.0	86.0	292	378.0	0.2275132275132275	7.0	1.0	8.0	1.0	0.0	0.0	0.0	0.0
96	chr3:18476546:-_chr3:20009533:+	0.4315	2.0	66.0	166	232.0	0.28448275862068967	3.0	1.0	4.0	1.0	0.0	0.0	0.0	0.0	66.0	150	216.0	0.3055555555555556	3.0	1.0	4.0	1.0	0.0	0.0	0.0	0.0
389	chr3:27118597:-_chr22:45657493:+	0.4315	2.0	63.0	149	212.0	0.2971698113207547	3.0	1.0	4.0	1.0	0.0	0.0	0.0	0.0	63.0	185	248.0	0.2540322580645161	2.0	0.0	2.0	1.0	0.0	0.0	0.0	0.0
97	chr3:27557096:+_chr3:27742547:-	0.4315	2.0	33.0	156	189.0	0.1746031746031746	3.0	1.0	4.0	1.0	0.0	0.0	0.0	0.0	33.0	160	193.0	0.17098445595854922	3.0	1.0	4.0	1.0	0.0	0.0	0.0	0.0
98	chr3:37531874:+_chr3:37686204:-	0.4315	2.0	40.0	130	170.0	0.23529411764705882	1.0	1.0	2.0	1.0	0.0	0.0	0.0	0.0	40.0	138	178.0	0.2247191011235955	3.0	1.0	4.0	1.0	0.0	0.0	0.0	0.0
320	chr3:37603216:-_chr17:30631708:+	0.4315	2.0	81.0	108	189.0	0.42857142857142855	3.0	1.0	4.0	1.0	0.0	0.0	0.0	0.0	81.0	209	290.0	0.2793103448275862	6.0	0.0	6.0	1.0	0.0	0.0	0.0	0.0
321	chr3:46826530:-_chr17:31769522:-	0.4315	2.0	102.0	176	278.0	0.3669064748201439	5.0	1.0	6.0	1.0	0.0	0.0	0.0	0.0	102.0	210	312.0	0.3269230769230769	6.0	0.0	6.0	1.0	0.0	0.0	0.0	0.0
99	chr3:46984983:+_chr3:47398907:-	0.4315	2.0	31.0	207	238.0	0.13025210084033614	5.0	1.0	6.0	1.0	0.0	0.0	0.0	0.0	31.0	234	265.0	0.1169811320754717	4.0	1.0	5.0	1.0	0.0	0.0	0.0	0.0
100	chr3:48710139:+_chr3:48989039:-	0.4315	2.0	129.0	102	231.0	0.5584415584415584	3.0	1.0	4.0	1.0	0.0	0.0	0.0	0.0	129.0	107	236.0	0.5466101694915254	3.0	1.0	4.0	1.0	0.0	0.0	0.0	0.0
101	chr3:71233950:+_chr3:71495319:-	0.4315	2.0	24.0	111	135.0	0.17777777777777778	1.0	1.0	2.0	1.0	0.0	0.0	0.0	0.0	24.0	119	143.0	0.16783216783216784	1.0	1.0	2.0	1.0	0.0	0.0	0.0	0.0
102	chr3:72946048:+_chr3:73001740:-	0.4315	2.0	31.0	82	113.0	0.2743362831858407	1.0	1.0	2.0	1.0	0.0	0.0	0.0	0.0	31.0	121	152.0	0.20394736842105263	1.0	1.0	2.0	1.0	0.0	0.0	0.0	0.0
103	chr3:123991130:+_chr3:125970021:+	0.4315	2.0	10.0	178	188.0	0.05319148936170213	2.0	2.0	4.0	1.0	0.0	0.0	0.0	0.0	10.0	239	249.0	0.040160642570281124	2.0	2.0	4.0	1.0	0.0	0.0	0.0	0.0
104	chr3:136156690:+_chr3:136733867:-	0.4315	2.0	19.0	179	198.0	0.09595959595959595	2.0	2.0	4.0	1.0	0.0	0.0	0.0	0.0	19.0	161	180.0	0.10555555555555556	2.0	2.0	4.0	1.0	0.0	0.0	0.0	0.0
105	chr3:136738987:+_chr3:136744791:-	0.4315	2.0	63.0	110	173.0	0.36416184971098264	2.0	1.0	3.0	1.0	0.0	0.0	0.0	0.0	63.0	113	176.0	0.35795454545454547	2.0	2.0	4.0	1.0	0.0	0.0	0.0	0.0
106	chr3:141531279:+_chr3:141545809:-	0.4315	2.0	44.0	107	151.0	0.2913907284768212	2.0	2.0	4.0	1.0	0.0	0.0	0.0	0.0	44.0	190	234.0	0.18803418803418803	2.0	2.0	4.0	1.0	0.0	0.0	0.0	0.0
107	chr3:144042777:+_chr3:144080352:-	0.4315	2.0	53.0	124	177.0	0.2994350282485876	2.0	2.0	4.0	1.0	0.0	0.0	0.0	0.0	53.0	135	188.0	0.28191489361702127	2.0	2.0	4.0	1.0	0.0	0.0	0.0	0.0
108	chr3:161480038:+_chr3:161486680:-	0.4315	2.0	35.0	195	230.0	0.15217391304347827	2.0	2.0	4.0	1.0	0.0	0.0	0.0	0.0	35.0	183	218.0	0.16055045871559634	2.0	2.0	4.0	1.0	0.0	0.0	0.0	0.0
109	chr3:177181765:+_chr3:177210745:-	0.4315	2.0	29.0	143	172.0	0.1686046511627907	2.0	2.0	4.0	1.0	0.0	0.0	0.0	0.0	29.0	124	153.0	0.1895424836601307	2.0	2.0	4.0	1.0	0.0	0.0	0.0	0.0
110	chr3:193701122:-_chr3:193977966:+	0.4315	2.0	26.0	134	160.0	0.1625	2.0	2.0	4.0	1.0	0.0	0.0	0.0	0.0	26.0	193	219.0	0.1187214611872146	2.0	2.0	4.0	1.0	0.0	0.0	0.0	0.0
111	chr4:1921521:+_chr4:2351394:-	0.4315	2.0	62.0	83	145.0	0.42758620689655175	2.0	0.0	2.0	1.0	0.0	0.0	0.0	0.0	62.0	120	182.0	0.34065934065934067	2.0	0.0	2.0	1.0	0.0	0.0	0.0	0.0
113	chr4:77644221:+_chr4:78448187:-	0.4315	2.0	26.0	82	108.0	0.24074074074074073	2.0	0.0	2.0	1.0	0.0	0.0	0.0	0.0	26.0	92	118.0	0.22033898305084745	2.0	0.0	2.0	1.0	0.0	0.0	0.0	0.0
114	chr4:86189982:+_chr4:86591165:-	0.4315	2.0	63.0	70	133.0	0.47368421052631576	2.0	0.0	2.0	1.0	0.0	0.0	0.0	0.0	63.0	64	127.0	0.49606299212598426	2.0	0.0	2.0	1.0	0.0	0.0	0.0	0.0
279	chr4:106748603:-_chr13:31124715:+	0.4315	2.0	129.0	122	251.0	0.5139442231075697	4.0	2.0	6.0	1.0	0.0	0.0	0.0	0.0	129.0	176	305.0	0.42295081967213116	2.0	0.0	2.0	1.0	0.0	0.0	0.0	0.0
251	chr4:114004655:-_chr11:65200563:+	0.4315	2.0	51.0	163	214.0	0.2383177570093458	2.0	1.0	3.0	1.0	0.0	0.0	0.0	0.0	51.0	147	198.0	0.25757575757575757	2.0	1.0	3.0	1.0	0.0	0.0	0.0	0.0
115	chr4:115090916:+_chr4:170122691:-	0.4315	2.0	21.0	135	156.0	0.1346153846153846	2.0	1.0	3.0	1.0	0.0	0.0	0.0	0.0	21.0	151	172.0	0.12209302325581395	2.0	0.0	2.0	1.0	0.0	0.0	0.0	0.0
116	chr4:170547197:-_chr4:171302130:+	0.4315	2.0	23.0	119	142.0	0.1619718309859155	2.0	2.0	4.0	1.0	0.0	0.0	0.0	0.0	23.0	128	151.0	0.152317880794702	2.0	2.0	4.0	1.0	0.0	0.0	0.0	0.0
117	chr4:170853840:-_chr4:170978632:+	0.4315	2.0	24.0	138	162.0	0.14814814814814814	2.0	2.0	4.0	1.0	0.0	0.0	0.0	0.0	24.0	143	167.0	0.1437125748502994	2.0	2.0	4.0	1.0	0.0	0.0	0.0	0.0
118	chr4:171041816:-_chr4:171304976:-	0.4315	2.0	39.0	163	202.0	0.19306930693069307	2.0	2.0	4.0	1.0	0.0	0.0	0.0	0.0	39.0	165	204.0	0.19117647058823528	2.0	2.0	4.0	1.0	0.0	0.0	0.0	0.0
247	chr4:171300826:-_chr11:41309434:-	0.4315	2.0	47.0	145	192.0	0.24479166666666666	2.0	2.0	4.0	1.0	0.0	0.0	0.0	0.0	47.0	141	188.0	0.25	3.0	0.0	3.0	1.0	0.0	0.0	0.0	0.0
120	chr4:171570463:-_chr4:171842662:-	0.4315	2.0	31.0	152	183.0	0.16939890710382513	2.0	2.0	4.0	1.0	0.0	0.0	0.0	0.0	31.0	130	161.0	0.19254658385093168	2.0	2.0	4.0	1.0	0.0	0.0	0.0	0.0
249	chr4:171842553:+_chr11:41701829:-	0.4315	2.0	45.0	147	192.0	0.234375	2.0	2.0	4.0	1.0	0.0	0.0	0.0	0.0	45.0	133	178.0	0.25280898876404495	3.0	0.0	3.0	1.0	0.0	0.0	0.0	0.0
250	chr4:176771652:+_chr11:50409537:-	0.4315	2.0	39.0	149	188.0	0.2074468085106383	2.0	2.0	4.0	1.0	0.0	0.0	0.0	0.0	39.0	88	127.0	0.30708661417322836	2.0	1.0	3.0	1.0	0.0	0.0	0.0	0.0
121	chr4:176827507:-_chr4:179176613:+	0.4315	2.0	47.0	109	156.0	0.30128205128205127	2.0	2.0	4.0	1.0	0.0	0.0	0.0	0.0	47.0	122	169.0	0.2781065088757396	2.0	1.0	3.0	1.0	0.0	0.0	0.0	0.0
156	chr5:39794196:+_chr7:125436615:-	0.4315	2.0	11.0	163	174.0	0.06321839080459771	2.0	1.0	3.0	1.0	0.0	0.0	0.0	0.0	11.0	147	158.0	0.06962025316455696	3.0	0.0	3.0	1.0	0.0	0.0	0.0	0.0
123	chr5:45675593:-_chr5:45872889:-	0.4315	2.0	68.0	191	259.0	0.2625482625482625	3.0	2.0	5.0	1.0	0.0	0.0	0.0	0.0	68.0	180	248.0	0.27419354838709675	3.0	2.0	5.0	1.0	0.0	0.0	0.0	0.0
126	chr5:65912807:-_chr5:65921088:+	0.4315	2.0	31.0	115	146.0	0.21232876712328766	2.0	0.0	2.0	1.0	0.0	0.0	0.0	0.0	31.0	101	132.0	0.23484848484848486	2.0	0.0	2.0	1.0	0.0	0.0	0.0	0.0
127	chr5:67083283:+_chr5:67183759:-	0.4315	2.0	46.0	59	105.0	0.4380952380952381	2.0	0.0	2.0	1.0	0.0	0.0	0.0	0.0	46.0	58	104.0	0.4423076923076923	2.0	0.0	2.0	1.0	0.0	0.0	0.0	0.0
128	chr5:130581634:+_chr5:130595800:-	0.4315	2.0	22.0	107	129.0	0.17054263565891473	2.0	0.0	2.0	1.0	0.0	0.0	0.0	0.0	22.0	85	107.0	0.205607476635514	2.0	0.0	2.0	1.0	0.0	0.0	0.0	0.0
252	chr5:133415516:-_chr11:59789829:+	0.4315	2.0	35.0	149	184.0	0.19021739130434784	2.0	0.0	2.0	1.0	0.0	0.0	0.0	0.0	35.0	150	185.0	0.1891891891891892	1.0	0.0	1.0	1.0	0.0	0.0	0.0	0.0
253	chr5:133416153:+_chr11:61494610:-	0.4315	2.0	43.0	145	188.0	0.22872340425531915	2.0	0.0	2.0	1.0	0.0	0.0	0.0	0.0	43.0	157	200.0	0.215	2.0	1.0	3.0	1.0	0.0	0.0	0.0	0.0
129	chr6:5201541:+_chr6:5322482:-	0.4315	2.0	33.0	159	192.0	0.171875	2.0	1.0	3.0	1.0	0.0	0.0	0.0	0.0	33.0	142	175.0	0.18857142857142858	2.0	1.0	3.0	1.0	0.0	0.0	0.0	0.0
130	chr6:7184706:+_chr6:7214655:-	0.4315	2.0	24.0	127	151.0	0.15894039735099338	2.0	1.0	3.0	1.0	0.0	0.0	0.0	0.0	24.0	158	182.0	0.13186813186813187	2.0	1.0	3.0	1.0	0.0	0.0	0.0	0.0
131	chr6:32489923:-_chr6:32536605:+	0.4315	2.0	20.0	59	79.0	0.25316455696202533	2.0	1.0	3.0	1.0	0.0	0.0	0.0	0.0	20.0	96	116.0	0.1724137931034483	2.0	1.0	3.0	1.0	0.0	0.0	0.0	0.0
133	chr6:38588591:+_chr6:42765389:-	0.4315	2.0	169.0	117	286.0	0.5909090909090909	5.0	1.0	6.0	1.0	0.0	0.0	0.0	0.0	169.0	121	290.0	0.5827586206896552	5.0	1.0	6.0	1.0	0.0	0.0	0.0	0.0
134	chr6:43395371:+_chr6:43419100:-	0.4315	2.0	44.0	247	291.0	0.15120274914089346	5.0	1.0	6.0	1.0	0.0	0.0	0.0	0.0	44.0	123	167.0	0.2634730538922156	5.0	1.0	6.0	1.0	0.0	0.0	0.0	0.0
135	chr6:63657132:+_chr6:63662471:-	0.4315	2.0	31.0	107	138.0	0.2246376811594203	1.0	1.0	2.0	1.0	0.0	0.0	0.0	0.0	31.0	107	138.0	0.2246376811594203	1.0	1.0	2.0	1.0	0.0	0.0	0.0	0.0
168	chr6:114870632:-_chr8:134070387:+	0.4315	2.0	72.0	106	178.0	0.4044943820224719	1.0	1.0	2.0	1.0	0.0	0.0	0.0	0.0	72.0	203	275.0	0.26181818181818184	4.0	2.0	6.0	1.0	0.0	0.0	0.0	0.0
137	chr6:119253165:+_chr6:119306863:-	0.4315	2.0	29.0	105	134.0	0.21641791044776118	1.0	1.0	2.0	1.0	0.0	0.0	0.0	0.0	29.0	114	143.0	0.20279720279720279	1.0	1.0	2.0	1.0	0.0	0.0	0.0	0.0
138	chr6:120010234:+_chr6:120773738:-	0.4315	2.0	36.0	88	124.0	0.2903225806451613	1.0	1.0	2.0	1.0	0.0	0.0	0.0	0.0	36.0	103	139.0	0.2589928057553957	1.0	1.0	2.0	1.0	0.0	0.0	0.0	0.0
169	chr6:154836654:-_chr8:41505861:+	0.4315	2.0	39.0	163	202.0	0.19306930693069307	3.0	1.0	4.0	1.0	0.0	0.0	0.0	0.0	39.0	199	238.0	0.1638655462184874	2.0	1.0	3.0	1.0	0.0	0.0	0.0	0.0
281	chr6:155881340:+_chr13:103962405:-	0.4315	2.0	54.0	175	229.0	0.23580786026200873	3.0	1.0	4.0	1.0	0.0	0.0	0.0	0.0	54.0	138	192.0	0.28125	2.0	1.0	3.0	1.0	0.0	0.0	0.0	0.0
280	chr6:156309576:-_chr13:84030477:+	0.4315	2.0	50.0	191	241.0	0.2074688796680498	3.0	1.0	4.0	1.0	0.0	0.0	0.0	0.0	50.0	126	176.0	0.2840909090909091	2.0	2.0	4.0	1.0	0.0	0.0	0.0	0.0
139	chr6:156892147:+_chr6:156912481:-	0.4315	2.0	36.0	153	189.0	0.19047619047619047	3.0	1.0	4.0	1.0	0.0	0.0	0.0	0.0	36.0	173	209.0	0.1722488038277512	3.0	1.0	4.0	1.0	0.0	0.0	0.0	0.0
140	chr7:987031:+_chr7:1033808:-	0.4315	2.0	40.0	174	214.0	0.18691588785046728	2.0	1.0	3.0	1.0	0.0	0.0	0.0	0.0	40.0	145	185.0	0.21621621621621623	2.0	1.0	3.0	1.0	0.0	0.0	0.0	0.0
141	chr7:8016184:+_chr7:8068243:-	0.4315	2.0	40.0	167	207.0	0.1932367149758454	2.0	1.0	3.0	1.0	0.0	0.0	0.0	0.0	40.0	156	196.0	0.20408163265306123	2.0	1.0	3.0	1.0	0.0	0.0	0.0	0.0
142	chr7:11929600:-_chr7:12250623:+	0.4315	2.0	19.0	131	150.0	0.12666666666666668	2.0	1.0	3.0	1.0	0.0	0.0	0.0	0.0	19.0	121	140.0	0.1357142857142857	2.0	1.0	3.0	1.0	0.0	0.0	0.0	0.0
188	chr7:19411785:-_chr8:134067806:+	0.4315	2.0	34.0	114	148.0	0.22972972972972974	2.0	1.0	3.0	1.0	0.0	0.0	0.0	0.0	34.0	249	283.0	0.12014134275618374	4.0	2.0	6.0	1.0	0.0	0.0	0.0	0.0
143	chr7:27886343:+_chr7:28153333:-	0.4315	2.0	24.0	112	136.0	0.17647058823529413	2.0	1.0	3.0	1.0	0.0	0.0	0.0	0.0	24.0	128	152.0	0.15789473684210525	2.0	1.0	3.0	1.0	0.0	0.0	0.0	0.0
145	chr7:32847097:+_chr7:33002815:-	0.4315	2.0	39.0	94	133.0	0.2932330827067669	1.0	1.0	2.0	1.0	0.0	0.0	0.0	0.0	39.0	139	178.0	0.21910112359550563	1.0	1.0	2.0	1.0	0.0	0.0	0.0	0.0
146	chr7:39982140:+_chr7:40218330:-	0.4315	2.0	22.0	46	68.0	0.3235294117647059	1.0	1.0	2.0	1.0	0.0	0.0	0.0	0.0	22.0	110	132.0	0.16666666666666666	1.0	1.0	2.0	1.0	0.0	0.0	0.0	0.0
147	chr7:57155678:-_chr7:64279151:-	0.4315	2.0	15.0	150	165.0	0.09090909090909091	2.0	1.0	3.0	1.0	0.0	0.0	0.0	0.0	15.0	189	204.0	0.07352941176470588	2.0	2.0	4.0	1.0	0.0	0.0	0.0	0.0
148	chr7:87011645:+_chr7:87014249:-	0.4315	2.0	42.0	166	208.0	0.20192307692307693	2.0	2.0	4.0	1.0	0.0	0.0	0.0	0.0	42.0	132	174.0	0.2413793103448276	2.0	2.0	4.0	1.0	0.0	0.0	0.0	0.0
271	chr7:88306811:-_chr12:38504079:+	0.4315	2.0	55.0	251	306.0	0.17973856209150327	2.0	2.0	4.0	1.0	0.0	0.0	0.0	0.0	55.0	131	186.0	0.2956989247311828	2.0	1.0	3.0	1.0	0.0	0.0	0.0	0.0
149	chr7:88322617:+_chr7:94230396:-	0.4315	2.0	29.0	189	218.0	0.13302752293577982	2.0	2.0	4.0	1.0	0.0	0.0	0.0	0.0	29.0	175	204.0	0.14215686274509803	3.0	2.0	5.0	1.0	0.0	0.0	0.0	0.0
150	chr7:91963100:+_chr7:91993198:-	0.4315	2.0	27.0	113	140.0	0.19285714285714287	2.0	2.0	4.0	1.0	0.0	0.0	0.0	0.0	27.0	142	169.0	0.15976331360946747	2.0	2.0	4.0	1.0	0.0	0.0	0.0	0.0
151	chr7:92002322:+_chr7:92015390:-	0.4315	2.0	28.0	175	203.0	0.13793103448275862	2.0	2.0	4.0	1.0	0.0	0.0	0.0	0.0	28.0	141	169.0	0.16568047337278108	2.0	2.0	4.0	1.0	0.0	0.0	0.0	0.0
152	chr7:105043374:+_chr7:105181069:-	0.4315	2.0	93.0	121	214.0	0.43457943925233644	3.0	2.0	5.0	1.0	0.0	0.0	0.0	0.0	93.0	109	202.0	0.4603960396039604	3.0	2.0	5.0	1.0	0.0	0.0	0.0	0.0
153	chr7:105082081:+_chr7:105188336:-	0.4315	2.0	23.0	76	99.0	0.23232323232323232	3.0	2.0	5.0	1.0	0.0	0.0	0.0	0.0	23.0	175	198.0	0.11616161616161616	3.0	0.0	3.0	1.0	0.0	0.0	0.0	0.0
154	chr7:105272108:+_chr7:105708009:-	0.4315	2.0	55.0	172	227.0	0.2422907488986784	1.0	0.0	1.0	1.0	0.0	0.0	0.0	0.0	55.0	161	216.0	0.25462962962962965	3.0	2.0	5.0	1.0	0.0	0.0	0.0	0.0
155	chr7:140905946:+_chr7:141117960:-	0.4315	2.0	31.0	113	144.0	0.2152777777777778	3.0	0.0	3.0	1.0	0.0	0.0	0.0	0.0	31.0	122	153.0	0.20261437908496732	3.0	0.0	3.0	1.0	0.0	0.0	0.0	0.0
157	chr7:151420520:+_chr7:151462164:-	0.4315	2.0	104.0	81	185.0	0.5621621621621622	3.0	0.0	3.0	1.0	0.0	0.0	0.0	0.0	104.0	70	174.0	0.5977011494252874	3.0	0.0	3.0	1.0	0.0	0.0	0.0	0.0
159	chr8:39631659:-_chr8:39650154:-	0.4315	2.0	41.0	103	144.0	0.2847222222222222	1.0	0.0	1.0	1.0	0.0	0.0	0.0	0.0	41.0	116	157.0	0.2611464968152866	2.0	1.0	3.0	1.0	0.0	0.0	0.0	0.0
160	chr8:41490092:-_chr8:41494084:-	0.4315	2.0	47.0	215	262.0	0.17938931297709923	2.0	1.0	3.0	1.0	0.0	0.0	0.0	0.0	47.0	215	262.0	0.17938931297709923	3.0	1.0	4.0	1.0	0.0	0.0	0.0	0.0
162	chr8:60452070:+_chr8:60510373:-	0.4315	2.0	37.0	125	162.0	0.22839506172839505	2.0	1.0	3.0	1.0	0.0	0.0	0.0	0.0	37.0	124	161.0	0.22981366459627328	2.0	1.0	3.0	1.0	0.0	0.0	0.0	0.0
163	chr8:65650657:+_chr8:65773767:-	0.4315	2.0	24.0	147	171.0	0.14035087719298245	2.0	1.0	3.0	1.0	0.0	0.0	0.0	0.0	24.0	133	157.0	0.15286624203821655	2.0	1.0	3.0	1.0	0.0	0.0	0.0	0.0
164	chr8:89840807:-_chr8:90311794:+	0.4315	2.0	34.0	149	183.0	0.18579234972677597	2.0	1.0	3.0	1.0	0.0	0.0	0.0	0.0	34.0	138	172.0	0.19767441860465115	2.0	1.0	3.0	1.0	0.0	0.0	0.0	0.0
165	chr8:94628471:+_chr8:94871077:-	0.4315	2.0	32.0	131	163.0	0.19631901840490798	2.0	1.0	3.0	1.0	0.0	0.0	0.0	0.0	32.0	113	145.0	0.2206896551724138	2.0	1.0	3.0	1.0	0.0	0.0	0.0	0.0
166	chr8:99885017:-_chr8:115471083:-	0.4315	2.0	293.0	168	461.0	0.6355748373101953	8.0	2.0	10.0	1.0	0.0	0.0	0.0	0.0	293.0	189	482.0	0.6078838174273858	9.0	2.0	11.0	1.0	0.0	0.0	0.0	0.0
172	chr8:103584982:-_chr8:120375451:-	0.4315	2.0	115.0	197	312.0	0.3685897435897436	2.0	1.0	3.0	1.0	0.0	0.0	0.0	0.0	115.0	150	265.0	0.4339622641509434	4.0	2.0	6.0	1.0	0.0	0.0	0.0	0.0
174	chr8:106701268:-_chr8:112835553:+	0.4315	2.0	62.0	204	266.0	0.23308270676691728	4.0	2.0	6.0	1.0	0.0	0.0	0.0	0.0	62.0	179	241.0	0.2572614107883817	5.0	2.0	7.0	1.0	0.0	0.0	0.0	0.0
176	chr8:106960454:-_chr8:110654629:-	0.4315	2.0	80.0	181	261.0	0.3065134099616858	4.0	2.0	6.0	1.0	0.0	0.0	0.0	0.0	80.0	195	275.0	0.2909090909090909	4.0	2.0	6.0	1.0	0.0	0.0	0.0	0.0
178	chr8:112680353:-_chr8:115071956:-	0.4315	2.0	85.0	221	306.0	0.2777777777777778	3.0	2.0	5.0	1.0	0.0	0.0	0.0	0.0	85.0	251	336.0	0.25297619047619047	4.0	2.0	6.0	1.0	0.0	0.0	0.0	0.0
179	chr8:112763277:-_chr8:120045846:+	0.4315	2.0	59.0	143	202.0	0.29207920792079206	3.0	2.0	5.0	1.0	0.0	0.0	0.0	0.0	59.0	239	298.0	0.19798657718120805	2.0	1.0	3.0	1.0	0.0	0.0	0.0	0.0
180	chr8:112801620:-_chr8:121100710:+	0.4315	2.0	63.0	174	237.0	0.26582278481012656	5.0	2.0	7.0	1.0	0.0	0.0	0.0	0.0	63.0	165	228.0	0.27631578947368424	2.0	2.0	4.0	1.0	0.0	0.0	0.0	0.0
181	chr8:115143099:+_chr8:115151037:+	0.4315	2.0	14.0	246	260.0	0.05384615384615385	4.0	2.0	6.0	1.0	0.0	0.0	0.0	0.0	14.0	211	225.0	0.06222222222222222	2.0	1.0	3.0	1.0	0.0	0.0	0.0	0.0
183	chr8:115743314:+_chr8:115744382:+	0.4315	2.0	8.0	214	222.0	0.036036036036036036	9.0	2.0	11.0	1.0	0.0	0.0	0.0	0.0	8.0	286	294.0	0.027210884353741496	6.0	2.0	8.0	1.0	0.0	0.0	0.0	0.0
184	chr8:116714990:+_chr8:116842359:-	0.4315	2.0	32.0	274	306.0	0.10457516339869281	6.0	2.0	8.0	1.0	0.0	0.0	0.0	0.0	32.0	209	241.0	0.13278008298755187	6.0	2.0	8.0	1.0	0.0	0.0	0.0	0.0
185	chr8:117905461:+_chr8:117974848:-	0.4315	2.0	87.0	301	388.0	0.22422680412371135	6.0	2.0	8.0	1.0	0.0	0.0	0.0	0.0	87.0	304	391.0	0.22250639386189258	6.0	2.0	8.0	1.0	0.0	0.0	0.0	0.0
186	chr8:118898025:+_chr8:119101605:-	0.4315	2.0	62.0	259	321.0	0.19314641744548286	6.0	2.0	8.0	1.0	0.0	0.0	0.0	0.0	62.0	254	316.0	0.1962025316455696	6.0	2.0	8.0	1.0	0.0	0.0	0.0	0.0
187	chr8:125359358:-_chr8:131104084:-	0.4315	2.0	56.0	67	123.0	0.45528455284552843	2.0	2.0	4.0	1.0	0.0	0.0	0.0	0.0	56.0	196	252.0	0.2222222222222222	4.0	2.0	6.0	1.0	0.0	0.0	0.0	0.0
188	chr8:125846281:-_chr8:125848524:-	0.4315	2.0	187.0	237	424.0	0.4410377358490566	4.0	2.0	6.0	1.0	0.0	0.0	0.0	0.0	187.0	405	592.0	0.3158783783783784	10.0	2.0	12.0	1.0	0.0	0.0	0.0	0.0
189	chr8:126034866:+_chr8:126068526:+	0.4315	2.0	109.0	392	501.0	0.21756487025948104	10.0	2.0	12.0	1.0	0.0	0.0	0.0	0.0	109.0	432	541.0	0.20147874306839186	10.0	2.0	12.0	1.0	0.0	0.0	0.0	0.0
190	chr8:126769722:-_chr8:126838118:+	0.4315	2.0	29.0	351	380.0	0.07631578947368421	10.0	2.0	12.0	1.0	0.0	0.0	0.0	0.0	29.0	209	238.0	0.12184873949579832	4.0	2.0	6.0	1.0	0.0	0.0	0.0	0.0
192	chr8:136230067:-_chr8:144030749:-	0.4315	2.0	64.0	158	222.0	0.2882882882882883	2.0	2.0	4.0	1.0	0.0	0.0	0.0	0.0	64.0	242	306.0	0.20915032679738563	4.0	2.0	6.0	1.0	0.0	0.0	0.0	0.0
193	chr8:136659108:-_chr8:143223365:-	0.4315	2.0	69.0	210	279.0	0.24731182795698925	4.0	2.0	6.0	1.0	0.0	0.0	0.0	0.0	69.0	226	295.0	0.23389830508474577	4.0	2.0	6.0	1.0	0.0	0.0	0.0	0.0
194	chr8:136776128:+_chr8:144893770:-	0.4315	2.0	139.0	190	329.0	0.42249240121580545	6.0	2.0	8.0	1.0	0.0	0.0	0.0	0.0	139.0	150	289.0	0.4809688581314879	4.0	2.0	6.0	1.0	0.0	0.0	0.0	0.0
195	chr8:140549799:+_chr8:140887852:-	0.4315	2.0	43.0	204	247.0	0.17408906882591094	2.0	2.0	4.0	1.0	0.0	0.0	0.0	0.0	43.0	124	167.0	0.25748502994011974	2.0	2.0	4.0	1.0	0.0	0.0	0.0	0.0
196	chr8:140565444:+_chr8:140613092:-	0.4315	2.0	36.0	110	146.0	0.2465753424657534	2.0	2.0	4.0	1.0	0.0	0.0	0.0	0.0	36.0	155	191.0	0.18848167539267016	1.0	1.0	2.0	1.0	0.0	0.0	0.0	0.0
197	chr8:140647711:+_chr8:140891819:-	0.4315	2.0	43.0	128	171.0	0.25146198830409355	2.0	2.0	4.0	1.0	0.0	0.0	0.0	0.0	43.0	163	206.0	0.2087378640776699	2.0	2.0	4.0	1.0	0.0	0.0	0.0	0.0
198	chr8:144027058:+_chr8:144040961:+	0.4315	2.0	24.0	237	261.0	0.09195402298850575	4.0	2.0	6.0	1.0	0.0	0.0	0.0	0.0	24.0	225	249.0	0.0963855421686747	4.0	2.0	6.0	1.0	0.0	0.0	0.0	0.0
200	chr9:21621700:+_chr9:21738138:-	0.4315	2.0	39.0	80	119.0	0.3277310924369748	1.0	1.0	2.0	1.0	0.0	0.0	0.0	0.0	39.0	99	138.0	0.2826086956521739	1.0	1.0	2.0	1.0	0.0	0.0	0.0	0.0
201	chr9:33941412:-_chr9:34038295:+	0.4315	2.0	30.0	112	142.0	0.2112676056338028	1.0	1.0	2.0	1.0	0.0	0.0	0.0	0.0	30.0	140	170.0	0.17647058823529413	3.0	1.0	4.0	1.0	0.0	0.0	0.0	0.0
202	chr9:34038390:-_chr9:34252652:-	0.4315	2.0	48.0	176	224.0	0.21428571428571427	1.0	1.0	2.0	1.0	0.0	0.0	0.0	0.0	48.0	118	166.0	0.2891566265060241	1.0	1.0	2.0	1.0	0.0	0.0	0.0	0.0
302	chr9:65382582:+_chr15:23398730:+	0.4315	2.0	38.0	118	156.0	0.24358974358974358	1.0	1.0	2.0	1.0	0.0	0.0	0.0	0.0	38.0	145	183.0	0.20765027322404372	2.0	0.0	2.0	1.0	0.0	0.0	0.0	0.0
203	chr9:114638022:-_chr9:114862406:+	0.4315	2.0	49.0	128	177.0	0.2768361581920904	1.0	1.0	2.0	1.0	0.0	0.0	0.0	0.0	49.0	111	160.0	0.30625	1.0	1.0	2.0	1.0	0.0	0.0	0.0	0.0
204	chr9:123447627:+_chr9:123840048:-	0.4315	2.0	39.0	109	148.0	0.2635135135135135	1.0	1.0	2.0	1.0	0.0	0.0	0.0	0.0	39.0	95	134.0	0.291044776119403	1.0	1.0	2.0	1.0	0.0	0.0	0.0	0.0
205	chr9:124355068:-_chr9:124362362:-	0.4315	2.0	59.0	176	235.0	0.251063829787234	1.0	1.0	2.0	1.0	0.0	0.0	0.0	0.0	59.0	206	265.0	0.22264150943396227	2.0	1.0	3.0	1.0	0.0	0.0	0.0	0.0
206	chr9:126747456:-_chr9:126942773:+	0.4315	2.0	35.0	106	141.0	0.24822695035460993	2.0	1.0	3.0	1.0	0.0	0.0	0.0	0.0	35.0	143	178.0	0.19662921348314608	2.0	1.0	3.0	1.0	0.0	0.0	0.0	0.0
207	chr9:137454422:+_chr9:137584211:-	0.4315	2.0	30.0	191	221.0	0.13574660633484162	2.0	1.0	3.0	1.0	0.0	0.0	0.0	0.0	30.0	234	264.0	0.11363636363636363	2.0	1.0	3.0	1.0	0.0	0.0	0.0	0.0
208	chr10:34701365:+_chr10:34786626:-	0.4315	2.0	29.0	143	172.0	0.1686046511627907	2.0	2.0	4.0	1.0	0.0	0.0	0.0	0.0	29.0	167	196.0	0.14795918367346939	2.0	2.0	4.0	1.0	0.0	0.0	0.0	0.0
246	chr10:41831028:+_chr17:42912965:+	0.4315	2.0	50.0	121	171.0	0.29239766081871343	2.0	0.0	2.0	1.0	0.0	0.0	0.0	0.0	50.0	158	208.0	0.2403846153846154	4.0	0.0	4.0	1.0	0.0	0.0	0.0	0.0
210	chr10:108047177:+_chr10:108057884:-	0.4315	2.0	16.0	118	134.0	0.11940298507462686	3.0	0.0	3.0	1.0	0.0	0.0	0.0	0.0	16.0	158	174.0	0.09195402298850575	3.0	0.0	3.0	1.0	0.0	0.0	0.0	0.0
211	chr10:108053767:+_chr10:108058865:-	0.4315	2.0	11.0	123	134.0	0.08208955223880597	3.0	0.0	3.0	1.0	0.0	0.0	0.0	0.0	11.0	139	150.0	0.07333333333333333	3.0	0.0	3.0	1.0	0.0	0.0	0.0	0.0
212	chr11:848741:-_chr11:1047850:+	0.4315	2.0	34.0	99	133.0	0.2556390977443609	1.0	0.0	1.0	1.0	0.0	0.0	0.0	0.0	34.0	118	152.0	0.2236842105263158	2.0	0.0	2.0	1.0	0.0	0.0	0.0	0.0
213	chr11:1329874:+_chr11:1373538:-	0.4315	2.0	25.0	96	121.0	0.2066115702479339	2.0	0.0	2.0	1.0	0.0	0.0	0.0	0.0	25.0	111	136.0	0.18382352941176472	2.0	0.0	2.0	1.0	0.0	0.0	0.0	0.0
214	chr11:3484329:-_chr11:67856177:+	0.4315	2.0	11.0	79	90.0	0.12222222222222222	2.0	0.0	2.0	1.0	0.0	0.0	0.0	0.0	11.0	132	143.0	0.07692307692307693	2.0	0.0	2.0	1.0	0.0	0.0	0.0	0.0
215	chr11:5172215:+_chr11:5174397:-	0.4315	2.0	37.0	94	131.0	0.2824427480916031	2.0	0.0	2.0	1.0	0.0	0.0	0.0	0.0	37.0	90	127.0	0.29133858267716534	2.0	0.0	2.0	1.0	0.0	0.0	0.0	0.0
216	chr11:16460824:+_chr11:37226884:-	0.4315	2.0	20.0	101	121.0	0.1652892561983471	2.0	0.0	2.0	1.0	0.0	0.0	0.0	0.0	20.0	100	120.0	0.16666666666666666	2.0	0.0	2.0	1.0	0.0	0.0	0.0	0.0
217	chr11:47015027:+_chr11:48925382:-	0.4315	2.0	67.0	104	171.0	0.391812865497076	3.0	0.0	3.0	1.0	0.0	0.0	0.0	0.0	67.0	78	145.0	0.46206896551724136	2.0	1.0	3.0	1.0	0.0	0.0	0.0	0.0
269	chr11:47558755:-_chr16:17201377:+	0.4315	2.0	54.0	19	73.0	0.7397260273972602	2.0	1.0	3.0	1.0	0.0	0.0	0.0	0.0	54.0	112	166.0	0.3253012048192771	2.0	2.0	4.0	1.0	0.0	0.0	0.0	0.0
218	chr11:48499361:+_chr11:59761085:-	0.4315	2.0	53.0	84	137.0	0.38686131386861317	2.0	1.0	3.0	1.0	0.0	0.0	0.0	0.0	53.0	104	157.0	0.3375796178343949	2.0	0.0	2.0	1.0	0.0	0.0	0.0	0.0
219	chr11:49426254:+_chr11:56100992:+	0.4315	2.0	12.0	112	124.0	0.0967741935483871	2.0	1.0	3.0	1.0	0.0	0.0	0.0	0.0	12.0	194	206.0	0.05825242718446602	5.0	2.0	7.0	1.0	0.0	0.0	0.0	0.0
220	chr11:50366319:+_chr11:56138443:-	0.4315	2.0	35.0	93	128.0	0.2734375	2.0	1.0	3.0	1.0	0.0	0.0	0.0	0.0	35.0	241	276.0	0.12681159420289856	5.0	2.0	7.0	1.0	0.0	0.0	0.0	0.0
221	chr11:57796849:+_chr11:58647516:-	0.4315	2.0	35.0	232	267.0	0.13108614232209737	3.0	2.0	5.0	1.0	0.0	0.0	0.0	0.0	35.0	119	154.0	0.22727272727272727	2.0	0.0	2.0	1.0	0.0	0.0	0.0	0.0
222	chr11:58813339:+_chr11:72009621:-	0.4315	2.0	23.0	95	118.0	0.19491525423728814	2.0	0.0	2.0	1.0	0.0	0.0	0.0	0.0	23.0	126	149.0	0.15436241610738255	2.0	0.0	2.0	1.0	0.0	0.0	0.0	0.0
223	chr11:63150038:+_chr11:64871634:-	0.4315	2.0	35.0	107	142.0	0.24647887323943662	2.0	1.0	3.0	1.0	0.0	0.0	0.0	0.0	35.0	161	196.0	0.17857142857142858	2.0	1.0	3.0	1.0	0.0	0.0	0.0	0.0
224	chr11:67149641:+_chr11:67191117:-	0.4315	2.0	46.0	83	129.0	0.35658914728682173	2.0	0.0	2.0	1.0	0.0	0.0	0.0	0.0	46.0	97	143.0	0.32167832167832167	2.0	0.0	2.0	1.0	0.0	0.0	0.0	0.0
225	chr11:68934377:+_chr11:69127689:-	0.4315	2.0	33.0	160	193.0	0.17098445595854922	2.0	0.0	2.0	1.0	0.0	0.0	0.0	0.0	33.0	108	141.0	0.23404255319148937	2.0	0.0	2.0	1.0	0.0	0.0	0.0	0.0
226	chr11:72847169:+_chr11:73109000:-	0.4315	2.0	31.0	113	144.0	0.2152777777777778	2.0	0.0	2.0	1.0	0.0	0.0	0.0	0.0	31.0	132	163.0	0.1901840490797546	2.0	0.0	2.0	1.0	0.0	0.0	0.0	0.0
227	chr12:11008725:+_chr12:11123087:-	0.4315	2.0	9.0	161	170.0	0.052941176470588235	2.0	2.0	4.0	1.0	0.0	0.0	0.0	0.0	9.0	203	212.0	0.04245283018867924	2.0	2.0	4.0	1.0	0.0	0.0	0.0	0.0
229	chr12:45805042:+_chr12:45992643:-	0.4315	2.0	53.0	89	142.0	0.3732394366197183	2.0	1.0	3.0	1.0	0.0	0.0	0.0	0.0	53.0	91	144.0	0.3680555555555556	2.0	1.0	3.0	1.0	0.0	0.0	0.0	0.0
230	chr12:46262529:+_chr12:46274204:-	0.4315	2.0	37.0	121	158.0	0.23417721518987342	2.0	1.0	3.0	1.0	0.0	0.0	0.0	0.0	37.0	138	175.0	0.21142857142857144	2.0	1.0	3.0	1.0	0.0	0.0	0.0	0.0
231	chr12:111617773:-_chr12:111619381:+	0.4315	2.0	39.0	103	142.0	0.2746478873239437	2.0	2.0	4.0	1.0	0.0	0.0	0.0	0.0	39.0	141	180.0	0.21666666666666667	2.0	2.0	4.0	1.0	0.0	0.0	0.0	0.0
232	chr12:122494129:+_chr12:122497247:-	0.4315	2.0	69.0	123	192.0	0.359375	2.0	2.0	4.0	1.0	0.0	0.0	0.0	0.0	69.0	130	199.0	0.34673366834170855	2.0	2.0	4.0	1.0	0.0	0.0	0.0	0.0
233	chr13:29871064:-_chr13:29921684:-	0.4315	2.0	62.0	137	199.0	0.31155778894472363	2.0	0.0	2.0	1.0	0.0	0.0	0.0	0.0	62.0	127	189.0	0.328042328042328	3.0	2.0	5.0	1.0	0.0	0.0	0.0	0.0
234	chr13:29880571:+_chr13:29913528:+	0.4315	2.0	24.0	148	172.0	0.13953488372093023	2.0	0.0	2.0	1.0	0.0	0.0	0.0	0.0	24.0	147	171.0	0.14035087719298245	3.0	2.0	5.0	1.0	0.0	0.0	0.0	0.0
235	chr13:31134413:+_chr13:31394162:-	0.4315	2.0	43.0	214	257.0	0.16731517509727625	2.0	0.0	2.0	1.0	0.0	0.0	0.0	0.0	43.0	351	394.0	0.10913705583756345	6.0	2.0	8.0	1.0	0.0	0.0	0.0	0.0
236	chr13:32767646:-_chr13:32768991:-	0.4315	2.0	28.0	321	349.0	0.08022922636103152	6.0	2.0	8.0	1.0	0.0	0.0	0.0	0.0	28.0	301	329.0	0.0851063829787234	6.0	2.0	8.0	1.0	0.0	0.0	0.0	0.0
237	chr13:46723070:+_chr13:46762927:-	0.4315	2.0	45.0	73	118.0	0.3813559322033898	2.0	0.0	2.0	1.0	0.0	0.0	0.0	0.0	45.0	72	117.0	0.38461538461538464	2.0	0.0	2.0	1.0	0.0	0.0	0.0	0.0
238	chr13:73067159:-_chr13:73779385:+	0.4315	2.0	48.0	146	194.0	0.24742268041237114	2.0	1.0	3.0	1.0	0.0	0.0	0.0	0.0	48.0	150	198.0	0.24242424242424243	2.0	1.0	3.0	1.0	0.0	0.0	0.0	0.0
239	chr13:111259094:+_chr13:111270756:-	0.4315	2.0	42.0	143	185.0	0.22702702702702704	2.0	1.0	3.0	1.0	0.0	0.0	0.0	0.0	42.0	133	175.0	0.24	2.0	1.0	3.0	1.0	0.0	0.0	0.0	0.0
240	chr14:20825030:-_chr14:21147471:+	0.4315	2.0	23.0	153	176.0	0.13068181818181818	2.0	1.0	3.0	1.0	0.0	0.0	0.0	0.0	23.0	144	167.0	0.1377245508982036	2.0	1.0	3.0	1.0	0.0	0.0	0.0	0.0
241	chr14:21303814:-_chr14:21312911:-	0.4315	2.0	115.0	177	292.0	0.3938356164383562	2.0	1.0	3.0	1.0	0.0	0.0	0.0	0.0	115.0	187	302.0	0.38079470198675497	2.0	1.0	3.0	1.0	0.0	0.0	0.0	0.0
243	chr14:29712817:+_chr14:69350451:-	0.4315	2.0	40.0	136	176.0	0.22727272727272727	2.0	1.0	3.0	1.0	0.0	0.0	0.0	0.0	40.0	139	179.0	0.22346368715083798	2.0	1.0	3.0	1.0	0.0	0.0	0.0	0.0
244	chr14:41691995:+_chr14:42146055:-	0.4315	2.0	20.0	95	115.0	0.17391304347826086	1.0	1.0	2.0	1.0	0.0	0.0	0.0	0.0	20.0	88	108.0	0.18518518518518517	1.0	1.0	2.0	1.0	0.0	0.0	0.0	0.0
245	chr14:44986801:+_chr14:45091610:-	0.4315	2.0	36.0	58	94.0	0.3829787234042553	1.0	1.0	2.0	1.0	0.0	0.0	0.0	0.0	36.0	105	141.0	0.2553191489361702	1.0	1.0	2.0	1.0	0.0	0.0	0.0	0.0
246	chr14:51678997:+_chr14:51692354:-	0.4315	2.0	23.0	83	106.0	0.2169811320754717	1.0	1.0	2.0	1.0	0.0	0.0	0.0	0.0	23.0	101	124.0	0.18548387096774194	1.0	1.0	2.0	1.0	0.0	0.0	0.0	0.0
301	chr14:56148321:+_chr17:34721495:-	0.4315	2.0	45.0	167	212.0	0.21226415094339623	1.0	1.0	2.0	1.0	0.0	0.0	0.0	0.0	45.0	215	260.0	0.17307692307692307	5.0	0.0	5.0	1.0	0.0	0.0	0.0	0.0
247	chr14:77501619:-_chr14:77910485:+	0.4315	2.0	39.0	87	126.0	0.30952380952380953	2.0	1.0	3.0	1.0	0.0	0.0	0.0	0.0	39.0	120	159.0	0.24528301886792453	2.0	1.0	3.0	1.0	0.0	0.0	0.0	0.0
249	chr14:90906852:+_chr14:91096650:-	0.4315	2.0	32.0	117	149.0	0.21476510067114093	2.0	1.0	3.0	1.0	0.0	0.0	0.0	0.0	32.0	152	184.0	0.17391304347826086	2.0	1.0	3.0	1.0	0.0	0.0	0.0	0.0
250	chr14:97385554:-_chr14:97400112:+	0.4315	2.0	77.0	140	217.0	0.3548387096774194	2.0	1.0	3.0	1.0	0.0	0.0	0.0	0.0	77.0	167	244.0	0.3155737704918033	2.0	1.0	3.0	1.0	0.0	0.0	0.0	0.0
251	chr15:44337098:+_chr15:44389271:-	0.4315	2.0	41.0	112	153.0	0.2679738562091503	2.0	1.0	3.0	1.0	0.0	0.0	0.0	0.0	41.0	131	172.0	0.23837209302325582	2.0	1.0	3.0	1.0	0.0	0.0	0.0	0.0
252	chr15:57009650:+_chr15:57018080:-	0.4315	2.0	32.0	77	109.0	0.29357798165137616	2.0	1.0	3.0	1.0	0.0	0.0	0.0	0.0	32.0	102	134.0	0.23880597014925373	1.0	1.0	2.0	1.0	0.0	0.0	0.0	0.0
253	chr15:58634325:-_chr15:58646515:+	0.4315	2.0	40.0	98	138.0	0.2898550724637681	1.0	1.0	2.0	1.0	0.0	0.0	0.0	0.0	40.0	105	145.0	0.27586206896551724	1.0	1.0	2.0	1.0	0.0	0.0	0.0	0.0
254	chr15:58745119:+_chr15:58758830:-	0.4315	2.0	20.0	108	128.0	0.15625	1.0	1.0	2.0	1.0	0.0	0.0	0.0	0.0	20.0	117	137.0	0.145985401459854	1.0	1.0	2.0	1.0	0.0	0.0	0.0	0.0
255	chr15:98891721:+_chr15:99119237:-	0.4315	2.0	48.0	115	163.0	0.294478527607362	1.0	1.0	2.0	1.0	0.0	0.0	0.0	0.0	48.0	150	198.0	0.24242424242424243	1.0	1.0	2.0	1.0	0.0	0.0	0.0	0.0
256	chr16:8812188:+_chr16:8837122:-	0.4315	2.0	23.0	91	114.0	0.20175438596491227	2.0	0.0	2.0	1.0	0.0	0.0	0.0	0.0	23.0	107	130.0	0.17692307692307693	2.0	0.0	2.0	1.0	0.0	0.0	0.0	0.0
257	chr16:8863414:+_chr16:8920182:-	0.4315	2.0	31.0	95	126.0	0.24603174603174602	2.0	0.0	2.0	1.0	0.0	0.0	0.0	0.0	31.0	102	133.0	0.23308270676691728	2.0	0.0	2.0	1.0	0.0	0.0	0.0	0.0
258	chr16:15479472:-_chr16:25890558:-	0.4315	2.0	136.0	106	242.0	0.5619834710743802	2.0	0.0	2.0	1.0	0.0	0.0	0.0	0.0	136.0	145	281.0	0.48398576512455516	4.0	2.0	6.0	1.0	0.0	0.0	0.0	0.0
259	chr16:30449480:+_chr16:30611142:-	0.4315	2.0	29.0	144	173.0	0.1676300578034682	2.0	1.0	3.0	1.0	0.0	0.0	0.0	0.0	29.0	185	214.0	0.13551401869158877	2.0	1.0	3.0	1.0	0.0	0.0	0.0	0.0
261	chr16:51637883:+_chr16:51641189:-	0.4315	2.0	34.0	186	220.0	0.15454545454545454	2.0	2.0	4.0	1.0	0.0	0.0	0.0	0.0	34.0	190	224.0	0.15178571428571427	2.0	2.0	4.0	1.0	0.0	0.0	0.0	0.0
262	chr16:52312644:+_chr16:52498481:-	0.4315	2.0	35.0	145	180.0	0.19444444444444445	2.0	2.0	4.0	1.0	0.0	0.0	0.0	0.0	35.0	201	236.0	0.1483050847457627	2.0	2.0	4.0	1.0	0.0	0.0	0.0	0.0
263	chr16:69327141:+_chr16:69617046:-	0.4315	2.0	65.0	99	164.0	0.39634146341463417	2.0	2.0	4.0	1.0	0.0	0.0	0.0	0.0	65.0	140	205.0	0.3170731707317073	2.0	2.0	4.0	1.0	0.0	0.0	0.0	0.0
265	chr16:74318666:+_chr16:74401809:-	0.4315	2.0	78.0	131	209.0	0.37320574162679426	2.0	2.0	4.0	1.0	0.0	0.0	0.0	0.0	78.0	213	291.0	0.26804123711340205	2.0	2.0	4.0	1.0	0.0	0.0	0.0	0.0
266	chr16:89361924:+_chr16:89408121:-	0.4315	2.0	46.0	223	269.0	0.17100371747211895	2.0	2.0	4.0	1.0	0.0	0.0	0.0	0.0	46.0	135	181.0	0.2541436464088398	2.0	2.0	4.0	1.0	0.0	0.0	0.0	0.0
267	chr16:89369345:+_chr16:89416304:-	0.4315	2.0	65.0	159	224.0	0.29017857142857145	2.0	2.0	4.0	1.0	0.0	0.0	0.0	0.0	65.0	154	219.0	0.2968036529680365	2.0	2.0	4.0	1.0	0.0	0.0	0.0	0.0
268	chr17:1386823:+_chr17:1413708:-	0.4315	2.0	23.0	97	120.0	0.19166666666666668	2.0	0.0	2.0	1.0	0.0	0.0	0.0	0.0	23.0	66	89.0	0.25842696629213485	2.0	0.0	2.0	1.0	0.0	0.0	0.0	0.0
270	chr17:27892998:+_chr17:28032470:-	0.4315	2.0	37.0	472	509.0	0.07269155206286837	6.0	2.0	8.0	1.0	0.0	0.0	0.0	0.0	37.0	445	482.0	0.07676348547717843	6.0	2.0	8.0	1.0	0.0	0.0	0.0	0.0
271	chr17:28148190:+_chr17:28149638:+	0.4315	2.0	21.0	383	404.0	0.05198019801980198	6.0	2.0	8.0	1.0	0.0	0.0	0.0	0.0	21.0	364	385.0	0.05454545454545454	6.0	2.0	8.0	1.0	0.0	0.0	0.0	0.0
272	chr17:28176474:-_chr17:28179472:-	0.4315	2.0	81.0	394	475.0	0.1705263157894737	6.0	2.0	8.0	1.0	0.0	0.0	0.0	0.0	81.0	336	417.0	0.19424460431654678	6.0	2.0	8.0	1.0	0.0	0.0	0.0	0.0
277	chr17:29174141:-_chr17:29175992:-	0.4315	2.0	47.0	265	312.0	0.15064102564102563	6.0	2.0	8.0	1.0	0.0	0.0	0.0	0.0	47.0	331	378.0	0.12433862433862433	6.0	0.0	6.0	1.0	0.0	0.0	0.0	0.0
278	chr17:32312030:+_chr17:32924371:-	0.4315	2.0	65.0	232	297.0	0.21885521885521886	6.0	0.0	6.0	1.0	0.0	0.0	0.0	0.0	65.0	185	250.0	0.26	6.0	0.0	6.0	1.0	0.0	0.0	0.0	0.0
279	chr17:34039966:+_chr17:62479137:+	0.4315	2.0	20.0	175	195.0	0.10256410256410256	6.0	0.0	6.0	1.0	0.0	0.0	0.0	0.0	20.0	161	181.0	0.11049723756906077	3.0	1.0	4.0	1.0	0.0	0.0	0.0	0.0
280	chr17:35766764:+_chr17:41026896:-	0.4315	2.0	50.0	119	169.0	0.2958579881656805	1.0	0.0	1.0	1.0	0.0	0.0	0.0	0.0	50.0	136	186.0	0.26881720430107525	2.0	0.0	2.0	1.0	0.0	0.0	0.0	0.0
282	chr17:42751632:-_chr17:76604599:+	0.4315	2.0	98.0	118	216.0	0.4537037037037037	2.0	0.0	2.0	1.0	0.0	0.0	0.0	0.0	98.0	95	193.0	0.5077720207253886	3.0	0.0	3.0	1.0	0.0	0.0	0.0	0.0
352	chr17:42873307:-_chr18:1111073:-	0.4315	2.0	58.0	185	243.0	0.23868312757201646	3.0	0.0	3.0	1.0	0.0	0.0	0.0	0.0	58.0	283	341.0	0.17008797653958943	7.0	1.0	8.0	1.0	0.0	0.0	0.0	0.0
283	chr17:47119822:-_chr17:58245571:+	0.4315	2.0	37.0	149	186.0	0.1989247311827957	3.0	0.0	3.0	1.0	0.0	0.0	0.0	0.0	37.0	135	172.0	0.21511627906976744	3.0	0.0	3.0	1.0	0.0	0.0	0.0	0.0
284	chr17:57746909:-_chr17:77114710:-	0.4315	2.0	32.0	163	195.0	0.1641025641025641	3.0	0.0	3.0	1.0	0.0	0.0	0.0	0.0	32.0	124	156.0	0.20512820512820512	3.0	1.0	4.0	1.0	0.0	0.0	0.0	0.0
285	chr17:66143642:+_chr17:67164771:-	0.4315	2.0	204.0	167	371.0	0.5498652291105122	6.0	3.0	9.0	1.0	0.0	0.0	0.0	0.0	204.0	186	390.0	0.5230769230769231	6.0	3.0	9.0	1.0	0.0	0.0	0.0	0.0
286	chr17:67434431:+_chr17:67437836:-	0.4315	2.0	35.0	321	356.0	0.09831460674157304	6.0	3.0	9.0	1.0	0.0	0.0	0.0	0.0	35.0	299	334.0	0.10479041916167664	4.0	3.0	7.0	1.0	0.0	0.0	0.0	0.0
287	chr17:68061830:+_chr17:68083713:+	0.4315	2.0	203.0	202	405.0	0.5012345679012346	4.0	3.0	7.0	1.0	0.0	0.0	0.0	0.0	203.0	351	554.0	0.3664259927797834	3.0	0.0	3.0	1.0	0.0	0.0	0.0	0.0
288	chr17:68080332:-_chr17:68082390:-	0.4315	2.0	171.0	222	393.0	0.4351145038167939	4.0	3.0	7.0	1.0	0.0	0.0	0.0	0.0	171.0	248	419.0	0.4081145584725537	3.0	0.0	3.0	1.0	0.0	0.0	0.0	0.0
289	chr17:68087092:-_chr17:68096135:-	0.4315	2.0	197.0	226	423.0	0.4657210401891253	4.0	3.0	7.0	1.0	0.0	0.0	0.0	0.0	197.0	175	372.0	0.5295698924731183	3.0	0.0	3.0	1.0	0.0	0.0	0.0	0.0
290	chr17:72449917:+_chr17:72506012:-	0.4315	2.0	92.0	78	170.0	0.5411764705882353	3.0	0.0	3.0	1.0	0.0	0.0	0.0	0.0	92.0	72	164.0	0.5609756097560976	3.0	3.0	6.0	1.0	0.0	0.0	0.0	0.0
291	chr17:72522081:+_chr17:72552557:-	0.4315	2.0	37.0	102	139.0	0.26618705035971224	3.0	0.0	3.0	1.0	0.0	0.0	0.0	0.0	37.0	244	281.0	0.13167259786476868	3.0	3.0	6.0	1.0	0.0	0.0	0.0	0.0
292	chr17:76535956:-_chr17:76604805:+	0.4315	2.0	52.0	196	248.0	0.20967741935483872	3.0	0.0	3.0	1.0	0.0	0.0	0.0	0.0	52.0	111	163.0	0.31901840490797545	3.0	0.0	3.0	1.0	0.0	0.0	0.0	0.0
293	chr17:82443766:+_chr17:82527182:-	0.4315	2.0	33.0	167	200.0	0.165	3.0	0.0	3.0	1.0	0.0	0.0	0.0	0.0	33.0	87	120.0	0.275	3.0	0.0	3.0	1.0	0.0	0.0	0.0	0.0
295	chr18:885713:-_chr18:1166190:-	0.4315	2.0	178.0	193	371.0	0.4797843665768194	3.0	1.0	4.0	1.0	0.0	0.0	0.0	0.0	178.0	284	462.0	0.3852813852813853	7.0	1.0	8.0	1.0	0.0	0.0	0.0	0.0
296	chr18:1111086:+_chr18:1112439:+	0.4315	2.0	38.0	282	320.0	0.11875	7.0	1.0	8.0	1.0	0.0	0.0	0.0	0.0	38.0	288	326.0	0.1165644171779141	7.0	1.0	8.0	1.0	0.0	0.0	0.0	0.0
297	chr18:7778445:+_chr18:7779326:-	0.4315	2.0	30.0	160	190.0	0.15789473684210525	3.0	1.0	4.0	1.0	0.0	0.0	0.0	0.0	30.0	151	181.0	0.16574585635359115	3.0	1.0	4.0	1.0	0.0	0.0	0.0	0.0
298	chr18:10604773:+_chr18:12230801:+	0.4315	2.0	22.0	161	183.0	0.12021857923497267	3.0	1.0	4.0	1.0	0.0	0.0	0.0	0.0	22.0	188	210.0	0.10476190476190476	3.0	1.0	4.0	1.0	0.0	0.0	0.0	0.0
299	chr18:80007599:+_chr18:80097645:-	0.4315	2.0	33.0	114	147.0	0.22448979591836735	1.0	1.0	2.0	1.0	0.0	0.0	0.0	0.0	33.0	99	132.0	0.25	1.0	1.0	2.0	1.0	0.0	0.0	0.0	0.0
300	chr19:5181306:+_chr19:5182734:-	0.4315	2.0	26.0	52	78.0	0.3333333333333333	3.0	0.0	3.0	1.0	0.0	0.0	0.0	0.0	26.0	116	142.0	0.18309859154929578	3.0	0.0	3.0	1.0	0.0	0.0	0.0	0.0
301	chr19:9437219:+_chr19:9583957:-	0.4315	2.0	30.0	116	146.0	0.2054794520547945	3.0	0.0	3.0	1.0	0.0	0.0	0.0	0.0	30.0	168	198.0	0.15151515151515152	3.0	0.0	3.0	1.0	0.0	0.0	0.0	0.0
302	chr19:12265133:+_chr19:12314218:-	0.4315	2.0	42.0	74	116.0	0.3620689655172414	3.0	0.0	3.0	1.0	0.0	0.0	0.0	0.0	42.0	59	101.0	0.4158415841584158	3.0	0.0	3.0	1.0	0.0	0.0	0.0	0.0
309	chr19:29778307:-_chr19:29780175:-	0.4315	2.0	102.0	343	445.0	0.2292134831460674	5.0	2.0	7.0	1.0	0.0	0.0	0.0	0.0	102.0	420	522.0	0.19540229885057472	9.0	2.0	11.0	1.0	0.0	0.0	0.0	0.0
313	chr19:43759603:-_chr19:43761648:+	0.4315	2.0	27.0	109	136.0	0.19852941176470587	2.0	0.0	2.0	1.0	0.0	0.0	0.0	0.0	27.0	128	155.0	0.17419354838709677	2.0	0.0	2.0	1.0	0.0	0.0	0.0	0.0
314	chr19:55298804:-_chr19:55504782:+	0.4315	2.0	42.0	152	194.0	0.21649484536082475	2.0	1.0	3.0	1.0	0.0	0.0	0.0	0.0	42.0	157	199.0	0.21105527638190955	2.0	1.0	3.0	1.0	0.0	0.0	0.0	0.0
315	chr19:57667096:+_chr19:57854075:-	0.4315	2.0	36.0	117	153.0	0.23529411764705882	1.0	1.0	2.0	1.0	0.0	0.0	0.0	0.0	36.0	97	133.0	0.2706766917293233	1.0	1.0	2.0	1.0	0.0	0.0	0.0	0.0
316	chr20:14009494:-_chr20:14017721:+	0.4315	2.0	33.0	95	128.0	0.2578125	1.0	1.0	2.0	1.0	0.0	0.0	0.0	0.0	33.0	96	129.0	0.2558139534883721	1.0	1.0	2.0	1.0	0.0	0.0	0.0	0.0
317	chr20:14747626:+_chr20:15035760:-	0.4315	2.0	32.0	97	129.0	0.24806201550387597	1.0	1.0	2.0	1.0	0.0	0.0	0.0	0.0	32.0	110	142.0	0.22535211267605634	1.0	1.0	2.0	1.0	0.0	0.0	0.0	0.0
319	chr22:22048500:-_chr22:23189275:+	0.4315	2.0	72.0	122	194.0	0.3711340206185567	2.0	2.0	4.0	1.0	0.0	0.0	0.0	0.0	72.0	161	233.0	0.3090128755364807	2.0	2.0	4.0	1.0	0.0	0.0	0.0	0.0
320	chr22:28207311:+_chr22:28247024:-	0.4315	2.0	75.0	116	191.0	0.39267015706806285	2.0	2.0	4.0	1.0	0.0	0.0	0.0	0.0	75.0	137	212.0	0.35377358490566035	2.0	2.0	4.0	1.0	0.0	0.0	0.0	0.0
321	chr22:28753245:-_chr22:28757859:-	0.4315	2.0	40.0	159	199.0	0.20100502512562815	2.0	2.0	4.0	1.0	0.0	0.0	0.0	0.0	40.0	250	290.0	0.13793103448275862	4.0	1.0	5.0	1.0	0.0	0.0	0.0	0.0
322	chr22:28827249:+_chr22:29071286:-	0.4315	2.0	51.0	224	275.0	0.18545454545454546	2.0	2.0	4.0	1.0	0.0	0.0	0.0	0.0	51.0	226	277.0	0.18411552346570398	4.0	2.0	6.0	1.0	0.0	0.0	0.0	0.0
323	chr22:35889270:+_chr22:36055476:-	0.4315	2.0	56.0	79	135.0	0.4148148148148148	2.0	0.0	2.0	1.0	0.0	0.0	0.0	0.0	56.0	63	119.0	0.47058823529411764	2.0	0.0	2.0	1.0	0.0	0.0	0.0	0.0
324	chr22:37600111:+_chr22:37964071:-	0.4315	2.0	16.0	40	56.0	0.2857142857142857	2.0	0.0	2.0	1.0	0.0	0.0	0.0	0.0	16.0	110	126.0	0.12698412698412698	2.0	0.0	2.0	1.0	0.0	0.0	0.0	0.0
325	chr22:38550840:+_chr22:38633563:-	0.4315	2.0	20.0	53	73.0	0.273972602739726	2.0	0.0	2.0	1.0	0.0	0.0	0.0	0.0	20.0	96	116.0	0.1724137931034483	2.0	0.0	2.0	1.0	0.0	0.0	0.0	0.0
326	chr22:45902668:-_chr22:46150848:+	0.4315	2.0	47.0	114	161.0	0.2919254658385093	2.0	0.0	2.0	1.0	0.0	0.0	0.0	0.0	47.0	103	150.0	0.31333333333333335	2.0	0.0	2.0	1.0	0.0	0.0	0.0	0.0
